-22.2220306393464 10.6246202507 -3.32869421610127 10.6246202507 -8.63754655660072 -3.18116206247905 -3.32869421610127 -3.18116206247905 -10.0898161938194
-4.508951445079 8.00131414410491 -5.45177411432098 8.00131414410491 3.96723181849742 -1.65743153834959 -5.45177411432098 -1.65743153834959 1.42921773821523
-28.3054267863625 6.73345969891399 -3.66525194155195 6.73345969891399 4.47437359657379 3.33560978580231 -3.66525194155195 3.33560978580231 -10.7767627841229
-25.1818944713921 0.55555076598366 -0.246655319337144 0.55555076598366 -7.63709413985007 1.76808065356625 -0.246655319337144 1.76808065356625 -11.9823771020044
-17.537884761841 2.01243078300305 2.09772280931589 2.01243078300305 -5.62466335684701 3.30794750699814 2.09772280931589 3.30794750699814 -0.119869874818051
-18.1579808450344 9.73251175926561 -0.00230518990034714 9.73251175926561 -11.521339121935 -3.02440914925544 -0.00230518990034714 -3.02440914925544 -11.5052027926326
-26.4290022074799 3.81508928507451 -0.850615073228094 3.81508928507451 -4.69106144720642 2.18993040532978 -0.850615073228094 2.18993040532978 -16.9708080463556
-26.050951063823 10.0068293574069 2.89070813503531 10.0068293574069 2.52187775097977 0.295064307244434 2.89070813503531 0.295064307244434 -5.86209791658277
-17.8513905882882 6.05803905811228 0.58782342458852 6.05803905811228 12.4733825507784 3.60531700414292 0.58782342458852 3.60531700414292 9.26916858929584
-32.3879180998773 3.18116206247905 0.0783764566118027 3.18116206247905 -5.25352778289113 6.19865564203345 0.0783764566118027 6.19865564203345 -17.7868452710785
-2.895318514836 4.35450372175574 4.09862764281721 4.35450372175574 -3.44164852121828 0.265096838539921 4.09862764281721 0.265096838539921 9.54579137733749
-7.45498413772264 9.28991529839896 7.20602362848515 9.28991529839896 4.78096385331996 -4.48589954607553 7.20602362848515 -4.48589954607553 23.2340090055988
-28.2477970388538 4.16317296002693 1.11340672186767 4.16317296002693 -0.311200636546864 6.65277805240184 1.11340672186767 6.65277805240184 -8.03589199261012
-31.5880172044568 3.04054547855787 -0.343473295151723 3.04054547855787 -7.14147831127543 4.55044486328525 -0.343473295151723 4.55044486328525 -20.5553783413954
-2.00782040320236 2.33054698925096 2.07006053051173 2.33054698925096 -3.86580346288215 -6.94092678994523 2.07006053051173 -6.94092678994523 2.56106597928567
-18.5245060391896 9.45127859142326 -7.48956198622785 9.45127859142326 10.1405303716271 -1.45457482711904 -7.48956198622785 -1.45457482711904 -7.79845743287436
-0.00461037980069427 2.20376154473186 2.16457331642596 2.20376154473186 -8.50615073228094 -0.403408232560749 2.16457331642596 -0.403408232560749 -1.32317900279926
-7.2037184385848 6.4844991896765 0.49100544877394 6.4844991896765 -5.04375550195954 -1.93405432639125 0.49100544877394 -1.93405432639125 2.64405281569817
-12.3719541951631 10.1681926504312 -5.49787791232792 10.1681926504312 -4.13320549132242 -3.19960358168183 -5.49787791232792 -3.19960358168183 -6.25859057944248
-25.6613739706643 7.87683388948617 -6.16868817332894 7.87683388948617 6.01654563990603 1.04194583495691 -6.16868817332894 1.04194583495691 -12.3281555870565
-14.695585614713 7.291315654798 2.37895597715825 7.291315654798 3.85888789318111 -0.723829628709001 2.37895597715825 -0.723829628709001 11.8555916574853
-23.3677100198189 8.00131414410491 3.24801256958912 8.00131414410491 4.30378954394811 0.292759117344086 3.24801256958912 0.292759117344086 10.0022189776062
-13.4600038281269 7.51030869533097 6.21479197133588 7.51030869533097 4.42135422886581 1.74963913436348 6.21479197133588 1.74963913436348 14.8477281481359
-8.54764415048719 6.32774627645289 -2.34437812865304 6.32774627645289 14.6379558672043 1.37389318060689 -2.34437812865304 1.37389318060689 6.89251780203794
-7.61865262064729 6.12949994502304 -2.54954002978393 6.12949994502304 12.5748109063936 0.712303679207265 -2.54954002978393 0.712303679207265 9.51351871873264
-48.8515843681565 -3.19960358168183 1.75194432426382 -3.19960358168183 -35.5575542128546 7.63248376004937 1.75194432426382 7.63248376004937 -36.0831375101337
-19.9767756764083 -0.78145937621768 -0.140616583921175 -0.78145937621768 -6.19404526223276 2.57259192878741 -0.140616583921175 2.57259192878741 -7.00086172735426
-28.3376994449674 8.93722124364585 1.99168407389993 8.93722124364585 -3.98106295789951 -0.541719626581577 1.99168407389993 -0.541719626581577 -0.66850507110067
-27.8951029841007 9.88926467248922 -0.484089879072899 9.88926467248922 -9.27838934889723 -2.04700863150826 -0.484089879072899 -2.04700863150826 -8.65137769600281
-9.70484948046145 8.59374794849413 -6.16407779352824 8.59374794849413 14.8292866289331 -1.50067862512599 -6.16407779352824 -1.50067862512599 0.202856711230548
-8.16959300683025 4.27612726514394 2.36281964785582 4.27612726514394 -6.74729083831607 -1.34623090180273 2.36281964785582 -1.34623090180273 -5.96583146209839
-16.0856151246223 7.65553565905284 2.72934484201101 7.65553565905284 3.02440914925544 -2.18532002552909 2.72934484201101 -2.18532002552909 -3.7021349799575
-42.1480921379471 0.11295430511701 2.77083826021726 0.11295430511701 -26.2445870154522 2.35359888825443 2.77083826021726 2.35359888825443 -26.2837752437581
-22.7130360881203 8.96718871235036 5.2719693020939 8.96718871235036 9.04325997906182 2.2544757225395 5.2719693020939 2.2544757225395 5.45177411432098
-40.0734212276346 -2.87918218553357 1.46379558672043 -2.87918218553357 -25.665984350465 6.59745349479351 1.46379558672043 6.59745349479351 -25.0989076349796
-17.0376585534657 4.35680891165609 -1.35314647150377 4.35680891165609 0.993536847049616 0.444901650766998 -1.35314647150377 0.444901650766998 -8.04741794211185
-14.2921773821523 11.0994893701715 6.13872070462443 11.0994893701715 12.2036753324377 -2.52418294088012 6.13872070462443 -2.52418294088012 17.8122023599823
-41.3804639011315 0.244350129436797 2.07467091031242 0.244350129436797 -24.1606953455383 2.337462558952 2.07467091031242 2.337462558952 -26.5142942337928
-46.8967833326622 -3.13275307457176 1.69661976665549 -3.13275307457176 -33.1025269689849 7.42962704881882 1.69661976665549 7.42962704881882 -33.3929808964286
-18.1464548955327 10.2304327777406 3.36557725450682 10.2304327777406 13.6605553494571 -2.24525496293811 3.36557725450682 -2.24525496293811 4.83859360082864
-2.49191028227526 5.70303981345882 4.12398473172103 5.70303981345882 -1.96171660519541 -7.22907552748862 4.12398473172103 -7.22907552748862 13.4991920564328
-18.2340521117459 5.18437208588071 1.03503026525586 5.18437208588071 7.63017857014902 5.05528145146127 1.03503026525586 5.05528145146127 4.04791346500957
-24.2091043334456 10.7675420245215 1.05116659455829 10.7675420245215 -6.79569982622336 -2.0539242012093 1.05116659455829 -2.0539242012093 -11.1386775984774
-9.11702605587293 7.26826375579452 -0.451817220468039 7.26826375579452 -11.3323135501065 -2.6947669935058 -0.451817220468039 -2.6947669935058 -7.10229008296953
-10.5762112627927 3.41168105251376 -0.232824179935061 3.41168105251376 1.8533726798791 1.29551672399509 -0.232824179935061 1.29551672399509 0.608570133691644
-30.8664927656482 1.02811469555482 3.09125965636551 1.02811469555482 -15.8389598052852 3.73440763856236 3.09125965636551 3.73440763856236 -10.7491005053187
-35.6151839603633 0.638537602396157 0.848309883327747 0.638537602396157 -16.7080163977161 2.19223559523013 0.848309883327747 2.19223559523013 -21.2953442994069
-25.9472175183074 6.53060298768344 -0.5232781073788 6.53060298768344 6.67121957160461 4.50434106527831 -0.5232781073788 4.50434106527831 -1.6482107787482
-28.335394255067 -2.20376154473186 0.825257984324275 -2.20376154473186 -14.688670045012 4.76943790381823 0.825257984324275 4.76943790381823 -13.4115948402196
-39.2297217241076 0.391882283059013 2.99905206035163 0.391882283059013 -23.3077750824099 2.92067560373982 2.99905206035163 2.92067560373982 -21.150117335685