-16.5667160925826 2.47172682128634 1.28854675319279 2.47172682128634 -20.7813834965522 0.535613982587804 1.28854675319279 0.535613982587804 -0.935129330255756
-34.156367086337 1.98440590270236 -1.13708214336263 1.98440590270236 -12.7976619610119 1.19196062518515 -1.13708214336263 1.19196062518515 -6.62712546488762
1.60025652994471 1.85928296414701 -6.64907685761663 1.85928296414701 -16.3625681402028 0.526833425496201 -6.64907685761663 0.526833425496201 5.02247865639711
-12.6461973511817 2.0897725878016 -0.287563244750009 2.0897725878016 -14.4242601622314 -0.190977116742373 -0.287563244750009 -0.190977116742373 -2.31806707218328
-57.953871943855 1.14366756118134 -6.043218418296 1.14366756118134 -18.1011184443403 1.00756892626148 -6.043218418296 1.00756892626148 -12.7076612508229
-6.91907898818344 1.571719719397 -5.23321202659559 1.571719719397 -9.46763568402131 -0.0109756963645042 -5.23321202659559 -0.0109756963645042 -3.46392977263752
-18.1559969261628 3.54075964718905 0.160245166921761 3.54075964718905 -21.2687044151362 1.07561824372141 0.160245166921761 1.07561824372141 -8.06933196718347
-43.8171750263736 1.11732588990653 -0.667322338961854 1.11732588990653 -16.8630598944242 0.403905626213754 -0.667322338961854 0.403905626213754 -5.99492535429218
-5.45711623243148 3.05782900715086 0.234879902200389 3.05782900715086 -17.4140398519223 -0.469759804400779 0.234879902200389 -0.469759804400779 -0.217318788017183
-40.0437306162571 1.10195991499622 -0.0987812672805376 1.10195991499622 -18.9418567858613 0.651956364051548 -0.0987812672805376 0.651956364051548 -7.25713043621016
-19.8704006982984 1.0514717117195 3.58027215410126 1.0514717117195 -14.520846290239 -0.307319498206117 3.58027215410126 -0.307319498206117 -5.43077456115667
-30.0975545707434 1.0383008760821 2.55733725292947 1.0383008760821 -3.80198122066425 -0.140488913465654 2.55733725292947 -0.140488913465654 4.77223277928642
-39.7671430678715 1.17439951100195 -0.722200820784375 1.17439951100195 -14.9796303982753 0.324880612389324 -0.722200820784375 0.324880612389324 -6.40322125905174
-20.5882112405369 2.11611425907641 -0.63000497132254 2.11611425907641 -11.8010687311149 0.252441016383596 -0.63000497132254 0.252441016383596 -4.09832502250586
-3.79100552429974 2.1007482841661 -1.48171900920806 2.1007482841661 -21.1106543874873 0.572931350227118 -1.48171900920806 0.572931350227118 2.00855243470426
-8.21201601992203 1.36757176701722 1.27757105682829 1.36757176701722 -21.5540725206133 0.561955653862614 1.27757105682829 0.561955653862614 -9.75958920731712
-6.48005113360327 1.42903566665844 -4.44076674907839 1.42903566665844 -18.5994150592888 0.820982088064913 -4.44076674907839 0.820982088064913 -7.23298390420825
-22.0084663501038 1.20952173936836 -0.702444567328267 1.20952173936836 -15.2584130859337 0.638785528414143 -0.702444567328267 0.638785528414143 -9.09446200762816
-4.08734932614136 2.18855385508213 2.51343446747146 2.18855385508213 -11.0766727710576 -1.2995224495573 2.51343446747146 -1.2995224495573 5.40662802915476
-19.7496680382888 1.20952173936836 -3.31685544135316 1.20952173936836 -18.3316080679949 1.21610715718706 -3.31685544135316 1.21610715718706 -13.6713273916264
3.09953665333598 1.22269257500577 -2.51343446747146 1.22269257500577 -23.0292061120027 0.89342168407064 -2.51343446747146 0.89342168407064 -10.2622761008114
-3.674663142836 2.18855385508213 -0.469759804400779 2.18855385508213 -17.6972128181265 0.862689734250029 -0.469759804400779 0.862689734250029 -6.80932202453839
-6.58980809724831 3.35197766971958 -6.08492606448112 3.35197766971958 -17.9957517592411 0.619029274958036 -6.08492606448112 0.619029274958036 -8.146161841735
-11.2193568237962 2.01294271325007 1.43562108447715 2.01294271325007 -9.79690657495643 -0.0636590389141242 1.43562108447715 -0.0636590389141242 -2.49148307474245
-24.6294626419474 1.8307461535993 -0.00878055709160334 1.8307461535993 -2.04147952379778 -0.687078592417962 -0.00878055709160334 -0.687078592417962 -1.02732517971759
0.114147242190843 1.17220437172905 -1.47074331284356 1.17220437172905 -17.4974551442926 1.12171616845233 -1.47074331284356 1.12171616845233 -12.1127785078668
-23.2048172538347 0.509272311312994 2.05026008088938 0.509272311312994 -7.68957287297163 -1.0448862939008 2.05026008088938 -1.0448862939008 0.270002130566803
-4.40125424216618 3.33441655553637 -6.81151716381129 3.33441655553637 -8.19006462719302 0.601468160774829 -6.81151716381129 0.601468160774829 -3.47051519045622
-2.90416925804781 1.88123435687602 -8.38104174393539 1.88123435687602 -9.87593158878086 0.0439027854580167 -8.38104174393539 0.0439027854580167 6.48005113360327
-19.1394193204224 3.31905058062606 -4.24539935379022 3.31905058062606 -11.2039908488859 0.526833425496201 -4.24539935379022 0.526833425496201 -8.1417715631892
-27.1231408559627 2.53319072092756 -2.06782119507259 2.53319072092756 -3.04685331078636 -0.188781977469472 -2.06782119507259 -0.188781977469472 -4.33100978543335
-24.5087299819378 2.59245948129589 1.49928012339127 2.59245948129589 -16.5667160925826 0.454393829490473 1.49928012339127 0.454393829490473 -3.02270677878445
-12.5540015017199 2.53758099947337 3.70100481411081 2.53758099947337 -20.3862584274301 0.142684052738554 3.70100481411081 0.142684052738554 -2.3619698576413
-60.6385272746127 1.09976477572332 -6.5678567045193 1.09976477572332 -18.0901427479758 0.970251558622169 -6.5678567045193 0.970251558622169 -12.1764375467809
-36.8827300632798 1.60245166921761 0.55097995749811 1.60245166921761 -6.41200181614334 0.594882742956127 0.55097995749811 0.594882742956127 -0.0329270890935125
-8.9364119799793 2.07001633434549 -3.24222070607453 2.07001633434549 -20.3818681488843 1.37854746338172 -3.24222070607453 1.37854746338172 -9.93520034914918
-7.42615616022353 1.52123151612028 -4.71296401891809 1.52123151612028 -9.00665643671213 0.109756963645042 -4.71296401891809 0.109756963645042 -4.08954446541426
-23.729455540058 2.1117239805306 -2.6319719882081 2.1117239805306 -18.2306316614414 1.43562108447715 -2.6319719882081 1.43562108447715 -10.3105691648152
-12.0710708616817 2.31806707218328 -4.2014965683322 2.31806707218328 -0.485125779311085 -0.559760514589713 -4.2014965683322 -0.559760514589713 1.5805002764886
-28.1153438073139 1.16561895391034 0.129513217101149 1.16561895391034 -19.9867430797621 0.825372366610714 0.129513217101149 0.825372366610714 -7.85201317916629
-7.91567221808042 3.71417564974821 -4.76125708292191 3.71417564974821 -16.5733015104013 1.08000852226721 -4.76125708292191 1.08000852226721 -7.0793241551052
-4.67125637273298 1.14147242190843 -0.65634664259735 1.14147242190843 -19.2842985124338 0.820982088064913 -0.65634664259735 0.820982088064913 -6.08931634302692
-11.6803360711053 1.67708640449624 -0.47195494367368 1.67708640449624 -2.44099487146573 -1.50147526266417 -0.47195494367368 -1.50147526266417 6.07175522884371
-24.2365327120981 1.47513359138936 -3.07099984278827 1.47513359138936 -11.467407561634 0.480735500765283 -3.07099984278827 0.480735500765283 -3.39807559445049
-3.61100410392187 3.29709918789706 -4.24539935379022 3.29709918789706 -19.8967423695732 0.234879902200389 -4.24539935379022 0.234879902200389 -5.09711339167574
-16.0684194776341 1.0536668509924 -3.23563528825583 1.0536668509924 -6.35273305577502 -0.651956364051548 -3.23563528825583 -0.651956364051548 4.75028138655741
9.87373644950796 0.974641837167971 1.28196133537409 0.974641837167971 -15.4823172917696 0.439027854580167 1.28196133537409 0.439027854580167 -2.25221289399626
-46.4710984073107 1.22269257500577 -4.78979389346962 1.22269257500577 -18.1933142938021 1.10635019354202 -4.78979389346962 1.10635019354202 -13.6120586312581
-8.08908822063958 0.799030695335904 3.52539367227874 0.799030695335904 -8.33713895847738 -0.175611141832067 3.52539367227874 -0.175611141832067 3.02929219660315
-18.7091720229338 3.07539012133407 3.4200269871795 3.07539012133407 -22.7504234243443 0.63000497132254 3.4200269871795 0.63000497132254 -5.56687319607652