-2.30642740225085 3.21356657040557 2.57127033180407 3.21356657040557 -6.94847749032534 2.86322316753202 2.57127033180407 2.86322316753202 -11.192220495371
-11.5675173023163 -3.12909428794341 1.43010909548597 -3.12909428794341 -5.01122696674374 -0.183147486342889 1.43010909548597 -0.183147486342889 -2.19582145860039
18.4700556568698 -2.71759241021033 -7.96309530767436 -2.71759241021033 16.3374635697967 2.18045574987521 -7.96309530767436 2.18045574987521 14.7597354255781
8.05056563330453 -3.61662930335598 -8.97026459164025 -3.61662930335598 8.34128558236095 1.36583523235941 -8.97026459164025 1.36583523235941 15.6312254370021
2.14812647032566 -2.17312704697224 -1.09040976604713 -2.17312704697224 7.74825563916032 -0.496165290370654 -1.09040976604713 -0.496165290370654 9.67522316222775
-6.12847919116295 -2.18685007386692 -0.957893322197068 -2.18685007386692 -9.18966168039698 -8.35405261209741 -0.957893322197068 -8.35405261209741 -2.78604291796466
-1.46151566202536 -0.420980054822522 -6.58873500896758 -0.420980054822522 2.20815953284266 -5.24835040045248 -6.58873500896758 -5.24835040045248 -0.204532762484527
4.54087563654397 5.47201611189966 0.791260628160996 5.47201611189966 2.57211898125157 -10.0254183019238 0.791260628160996 -10.0254183019238 -2.61387415951864
-7.77617601367895 1.60920866092842 1.32934628511478 1.60920866092842 7.14848468506836 -1.00150750201881 1.32934628511478 -1.00150750201881 -2.56273975566489
-4.98715382155791 -0.51828549848877 -3.92692664000205 -0.51828549848877 -2.74196684885138 0.129033734063594 -3.92692664000205 0.129033734063594 -2.56992187009992
15.2428696683873 -5.86711848453083 -2.84455977867276 -5.86711848453083 7.3835324218979 4.71697157041043 -2.84455977867276 4.71697157041043 17.1717618889433
-1.67603630617606 0.492262411604158 5.4969302629131 0.492262411604158 -3.87168293571207 -0.265665428484784 5.4969302629131 -0.265665428484784 3.09031402840388
-5.19678786426217 7.07977178647397 -0.885745726566735 7.07977178647397 -6.83407541943099 -0.724701049009147 -0.885745726566735 -0.724701049009147 -1.07776053442386
-3.70256834489446 -5.29592078994454 -2.84348928509591 -5.29592078994454 -2.63547982751757 0.307853997215944 -2.84348928509591 0.307853997215944 3.88769676213918
-12.990916500975 5.3469533487577 1.26088307215345 5.3469533487577 -0.19778557994564 -0.312411313777772 1.26088307215345 -0.312411313777772 -5.04128472520534
1.2690465280306 0.826589735373341 4.7141760090392 0.826589735373341 -3.63619036874696 -1.39172772963103 4.7141760090392 -1.39172772963103 -3.15753256578137
0.720252915522103 -0.795672068979915 -4.58171357256207 -0.795672068979915 -5.00783178959871 2.69434925728033 -4.58171357256207 2.69434925728033 9.46887471662827
-0.0304663564348838 3.94843979396094 1.93562917882962 3.94843979396094 0.444808803949304 -6.09530237740575 1.93562917882962 -6.09530237740575 3.95250197481893
0.347951510241146 -1.31293703197659 4.52568930986984 -1.31293703197659 28.687442181015 -2.64675115456765 4.52568930986984 -2.64675115456765 -9.46660075529412
-1.5289324639503 4.1679400501749 4.96851467367385 4.1679400501749 -6.0311330528026 4.1658767135164 4.96851467367385 4.1658767135164 0.109356842900629
-2.76671479277556 -0.360875842535942 -2.88700674028754 -0.360875842535942 2.47712306728375 -8.05510522598746 -2.88700674028754 -8.05510522598746 -8.71225567998809
-1.46352201813951 -2.60090336182471 -4.75781689792171 -2.60090336182471 -21.8514251884388 -7.56427110499074 -4.75781689792171 -7.56427110499074 -13.6403540904126
5.73348212462655 4.50784645305783 -5.84773629739991 4.50784645305783 14.5795248954121 1.90596733671915 -5.84773629739991 1.90596733671915 3.94869345600035
-1.33059104791633 1.45769228234416 3.81700894641072 1.45769228234416 -10.2237055442884 2.70487314516722 3.81700894641072 2.70487314516722 0.534222375954466
-0.276935322038202 -2.58472967235655 0.590795353681497 -2.58472967235655 -8.1295902313881 2.50472613487885 0.590795353681497 2.50472613487885 -7.66187724305692
9.62927569582308 -18.2219854253642 6.24284751638603 -18.2219854253642 7.80004163767841 0.171197546467385 6.24284751638603 0.171197546467385 4.0430763028736
18.5218870129463 4.67144158227768 -3.46789778722085 4.67144158227768 9.02217310496482 -2.90929839771424 -3.46789778722085 -2.90929839771424 24.4744066904016
-9.36851544033103 -4.26975067465005 -2.19393438866496 -4.26975067465005 14.2047955333901 -2.15237431549982 -2.19393438866496 -2.15237431549982 11.750563844375
-11.3759707872698 0.982903782932169 0.676005555349972 0.982903782932169 0.282014587507964 8.26551577799077 0.676005555349972 8.26551577799077 -1.06584924984628
10.5005065589083 -6.73297583149836 3.0999997729245 -6.73297583149836 29.8571567757542 -1.86629073138859 3.0999997729245 -1.86629073138859 23.8633578912384
8.29977034992223 -1.64008759840219 -1.93146251494201 -1.64008759840219 7.39915697152642 4.71497592218986 -1.93146251494201 4.71497592218986 13.4672603470414
7.17306850652689 -0.00830696989754128 -2.29687717667016 -0.00830696989754128 2.2075772502716 7.17099176405251 -2.29687717667016 7.17099176405251 2.23665164491299
2.76298603571281 -4.4851211675612 -8.05555517718095 -4.4851211675612 7.89995322387597 -6.75606859417447 -8.05555517718095 -6.75606859417447 1.67797782077536
-1.75061160503339 -8.615059362608 -2.64563150220136 -8.615059362608 3.18776910511147 -6.37159539129269 -2.64563150220136 -6.37159539129269 2.56874653306138
-4.41002325636788 -7.89057078344248 0.532553690389065 -7.89057078344248 -13.8045097048042 -4.48581741455059 0.532553690389065 -4.48581741455059 -10.5254150718468
-6.76143895038419 4.40192415467776 -1.287197726747 4.40192415467776 2.98955322921954 -8.81010696929109 -1.287197726747 -8.81010696929109 4.12445689753457
-5.86244529169768 3.39678152552354 1.45062552207652 3.39678152552354 -9.01545779009541 -0.203806891531412 1.45062552207652 -0.203806891531412 -3.6565354068871
-13.7749481393878 0.529498296625728 -0.22378795932861 0.529498296625728 7.56283416123917 2.48964104753078 -0.22378795932861 2.48964104753078 2.91923400517052
9.26921735111982 -3.63255812553047 -7.70869595615871 -3.63255812553047 -2.19991556447142 -1.91818250853094 -7.70869595615871 -1.91818250853094 -2.44568269837695
3.28288943907951 -3.82237826960384 -7.48290989005038 -3.82237826960384 16.9339549581247 -8.38405604770398 -7.48290989005038 -8.38405604770398 6.17215184255424
25.2540715888776 1.67041726784569 4.26995418826106 1.67041726784569 -7.87254071209573 2.72941386109715 4.26995418826106 2.72941386109715 11.7588583986506
-2.74140250177547 -1.81428095598551 -5.40487883914187 -1.81428095598551 -5.42685801371878 5.62866679847047 -5.40487883914187 5.62866679847047 -2.18592881701338
-15.1176758953595 3.14901628483829 1.16689435935632 3.14901628483829 11.8327883495002 -4.57966073911762 1.16689435935632 -4.57966073911762 -3.12703711026137
-6.92943431206802 2.79135517126846 6.93942484596662 2.79135517126846 2.33578682549236 -3.6465448729885 6.93942484596662 -3.6465448729885 -5.61667815779216