-21.9497517859828 1.84404161484135 0.3823840894579 1.84404161484135 -3.31474965121789 2.48662789535049 0.3823840894579 2.48662789535049 -0.543030659585184
-52.2282363133533 8.94190486116936 6.51410528727393 8.94190486116936 -37.0098020784785 4.73115462163591 6.51410528727393 4.73115462163591 -13.2612612326198
-28.3032105031294 6.27652937370541 1.25802102803901 6.27652937370541 -1.0113946034774 1.55895051855913 1.25802102803901 1.55895051855913 -5.28097316446591
-34.2403457145941 4.46416454733986 3.03418381043221 4.46416454733986 -8.53463186648047 2.83959782408086 3.03418381043221 2.83959782408086 -4.48226556932604
-42.2432600602307 4.21075023953344 6.67248922965294 4.21075023953344 -22.126236750348 0.798707595139874 6.67248922965294 0.798707595139874 -5.91677156173023
-40.1096020936106 3.96864907046838 5.59321579372739 3.96864907046838 -19.4472854963944 0.694626718719381 5.59321579372739 0.694626718719381 -7.37164120386887
-54.4139347181837 9.10933931454146 7.05487331911085 9.10933931454146 -39.8539251580559 4.89632644725974 7.05487331911085 4.89632644725974 -12.4783920317179
-26.9116944379424 3.30117388472826 6.27652937370541 3.30117388472826 0.366545695219999 -1.91870833053432 6.27652937370541 -1.91870833053432 -0.230788030323703
-44.0126349593791 8.11604573305022 5.04792250639394 8.11604573305022 -28.049796195323 4.04105315841308 5.04792250639394 4.04105315841308 -13.8585949581635
-29.5476557646788 0.174222336616913 6.57745886422554 0.174222336616913 -7.5684898179685 -2.27167825926468 6.57745886422554 -2.27167825926468 1.46165752538345
-35.930528642553 0.812283361629504 3.12695154811135 0.812283361629504 -10.9760072068655 4.13608352384048 3.12695154811135 4.13608352384048 -7.27887346618973
-47.3183340996039 5.5366501000206 5.81042805756147 5.5366501000206 -28.0588467063161 1.3145867217458 5.81042805756147 1.3145867217458 -9.6320063243922
-15.7139497117463 3.14278994234925 1.59288993478321 3.14278994234925 -2.64953709322604 1.52274847458679 1.59288993478321 1.52274847458679 -9.80849128875738
-16.5171825623827 -3.81705301133419 0.160646570127283 -3.81705301133419 6.14303433655739 1.79426380437938 0.160646570127283 1.79426380437938 -1.71733446093814
-32.9823246865551 4.44380089760542 3.5930528642553 4.44380089760542 -13.6821099937984 0.445737666409505 3.5930528642553 0.445737666409505 -5.45293287333455
-19.4653865183806 -5.57285214399295 -1.91418307503777 -5.57285214399295 -7.13632791804862 2.08614278390641 -1.91418307503777 2.08614278390641 0.896000588315553
-27.683250500103 0.626747886271233 5.87378163451307 0.626747886271233 4.82844761481159 -3.78763885060666 5.87378163451307 -3.78763885060666 -2.28977928125086
-31.3939600072684 2.45721373462296 3.82610352232727 2.45721373462296 -10.8990778634243 0.362020439723456 3.82610352232727 0.362020439723456 -6.44170119932924
-24.7169455221189 -4.18812396205073 6.02990294914381 -4.18812396205073 -0.334868906744197 -2.68573913719839 6.02990294914381 -2.68573913719839 -0.997818836987775
-28.2534326926675 5.96202411669566 3.03870906592876 5.96202411669566 -13.9649384623323 2.71967855342246 3.03870906592876 2.71967855342246 -12.2611797678838
-12.2362908626528 0.210424380589259 -0.687838835474566 0.210424380589259 6.7154791568701 0.323555768002839 -0.687838835474566 0.323555768002839 -1.66303139497962
-26.8958560437045 -1.30101095525617 7.281136093938 -1.30101095525617 5.39410455187949 -4.44606352535369 7.281136093938 -4.44606352535369 -2.69478964819147
-28.6109278768944 -5.84436747378554 1.51596059134197 -5.84436747378554 -10.3062693933771 0.194585986351357 1.51596059134197 0.194585986351357 2.63596132673641
-40.2544102695 -1.6811324169658 4.68137681117394 -1.6811324169658 -7.1544289400348 1.19919270658395 4.68137681117394 1.19919270658395 -6.19960003026418
-15.4107575934779 -4.5252554965432 -4.00937636993727 -4.5252554965432 -3.55006293703814 3.50028512657616 -4.00937636993727 3.50028512657616 5.75838761935122
-47.5513847576759 4.89858907500801 5.27871053671764 4.89858907500801 -25.741915892086 1.37115241545259 5.27871053671764 1.37115241545259 -10.2949562546358
-28.624503643384 -2.12913271112357 1.8644052645758 -2.12913271112357 -3.70392162392061 3.10206264288036 1.8644052645758 3.10206264288036 -5.51176119478961
-15.9311619755803 -1.2987483275079 -4.09988147986814 -1.2987483275079 -4.78545768759443 4.36008367091937 -4.09988147986814 4.36008367091937 3.45276994386246
-49.7619720677373 5.18820542678678 6.24711521297788 5.18820542678678 -29.5612315311684 1.19693007883568 6.24711521297788 1.19693007883568 -9.32655157837553
-25.2464004152145 3.96864907046838 4.16097242907147 3.96864907046838 2.11555694463394 -0.18327284761 4.16097242907147 -0.18327284761 -1.62230409551074
-31.9596169443363 -3.35547695068678 4.92574060798727 -3.35547695068678 -11.4421085230095 -1.68339504471407 4.92574060798727 -1.68339504471407 2.45268847912641
-39.0868943513919 5.90772105073714 4.1270330128474 5.90772105073714 -21.3705190824253 1.50012219710407 4.1270330128474 1.50012219710407 -9.78812763902294
-17.8023551234009 0.87789956632938 1.80783957086901 0.87789956632938 -0.49551547687148 0.405010366940616 1.80783957086901 0.405010366940616 -3.86230556629962
-29.5793325531546 3.2265071690353 3.13373943135616 3.2265071690353 0.685576207726294 -0.606384236536789 3.13373943135616 -0.606384236536789 -8.74279361932146
-12.6503517405865 2.55676935554691 0.70820248520901 2.55676935554691 0.194585986351357 0.882424821825923 0.70820248520901 0.882424821825923 -4.30351797721258
-21.6239333902317 -4.62481111746715 -1.08606131917037 -4.62481111746715 5.21309433201776 4.20848761178517 -1.08606131917037 4.20848761178517 -7.25172193321047
-36.03913477447 0.925414749043084 4.25147753900233 0.925414749043084 -3.90077023802024 0.0429899272171604 4.25147753900233 0.0429899272171604 -7.59111609545121
-23.2666011354769 2.62691081574333 2.07030438966851 2.62691081574333 -4.76735666560826 1.27838467777345 2.07030438966851 1.27838467777345 -9.51661230923034
-39.9783696842109 4.13608352384048 6.03216557689208 4.13608352384048 -20.0966596601483 0.7647681789158 6.03216557689208 0.7647681789158 -5.28549841996245
-32.8533549049036 -4.86464965878394 2.2309509597958 -4.86464965878394 0.178747592113456 2.75588059739481 2.2309509597958 2.75588059739481 -7.83774252001282
-21.085427986143 -5.89640791199579 1.44581913114555 -5.89640791199579 -2.93915344500481 0.124444526154938 1.44581913114555 0.124444526154938 3.14505257009752
-21.209872512298 4.05236629715443 0.760242923419257 4.05236629715443 -2.98893125546678 -0.160646570127283 0.760242923419257 -0.160646570127283 -4.09309359662332
-22.3411863864338 2.24000147078888 1.1154754798979 2.24000147078888 -0.997818836987775 0.518141754354196 1.1154754798979 0.518141754354196 -7.64089390591319
-39.8177231140836 -3.37131534492468 4.12929564059567 -3.37131534492468 -5.24929637599011 1.97979927973765 4.12929564059567 1.97979927973765 -6.83313579978023
-21.451973681363 4.99361944043542 -0.690101463222837 4.99361944043542 4.70174046090838 2.09066803940296 -0.690101463222837 2.09066803940296 -6.85349944951467
-37.0980445606611 2.63596132673641 3.74012366789295 2.63596132673641 -12.2430787458976 4.03200264741999 3.74012366789295 4.03200264741999 -5.7357613418685
-16.8045362864132 -0.224000147078888 -2.30335504774049 -0.224000147078888 6.4054991553569 4.09761885211987 -2.30335504774049 4.09761885211987 -7.19063098400714
-24.2372684394854 5.23798323724875 1.93907198026876 5.23798323724875 -10.1275218012637 1.3145867217458 1.93907198026876 1.3145867217458 -7.59790397869603
-16.2547177435832 -1.4820211751179 -1.69018292795888 -1.4820211751179 -4.68363943892221 1.96848614099629 -1.69018292795888 1.96848614099629 -3.62246702498283
-38.6230556629962 4.03200264741999 3.64735593021382 4.03200264741999 -16.2547177435832 1.46618278088 3.64735593021382 1.46618278088 -10.5845726064145