-3.37769714496136 -1.18161760190628 0.211346237739334 -1.18161760190628 0.474568370196505 -1.12589904832045 0.211346237739334 -1.12589904832045 2.2556407555089
2.06214464410939 0.469446753082967 0.0494154476929439 0.469446753082967 1.57749313789013 0.0171053472783267 0.0494154476929439 0.0171053472783267 -0.180556443493449
6.60612764996852 0.0192262155121319 -0.694066379987961 0.0192262155121319 -1.01514417904056 0.492191117110576 -0.694066379987961 0.492191117110576 1.21509682036674
2.05975301384201 -0.731184052489202 1.28145658683675 -0.731184052489202 -0.668995718128007 -0.126261163703032 1.28145658683675 -0.126261163703032 1.13069698838536
1.93172252722963 0.636354341814647 0.619359715475384 0.636354341814647 -1.18207067648656 -0.938481032290444 0.619359715475384 -0.938481032290444 -1.84863768734878
-6.8430077616072 -0.670921692555508 0.511553196669889 -0.670921692555508 -3.60448252422783 0.271516696694018 0.511553196669889 0.271516696694018 1.58778242197154
-3.10357886037379 -0.72167325386552 -1.38384685116234 -0.72167325386552 1.7350867592937 -0.439529721104266 -1.38384685116234 -0.439529721104266 0.86946272340713
-7.1560158727539 -0.481541057074449 0.309844040822494 -0.481541057074449 -3.83061963844879 0.422335189401361 0.309844040822494 0.422335189401361 1.1643820642374
2.4031400616603 0.0396433160211047 1.22705501970086 0.0396433160211047 1.53853821700954 0.273727658240961 1.22705501970086 0.273727658240961 0.409647598884748
1.05333406316798 0.544960767598788 1.01289527829315 0.544960767598788 0.315807653308132 0.6200613680806 1.01289527829315 0.6200613680806 -0.564217331824894
-3.4862453125867 0.654513200596068 -1.1145974798386 0.654513200596068 -0.623712579391547 0.284905746141818 -1.1145974798386 0.284905746141818 -1.44185408013663
-1.55220019959987 -0.664410417540902 -0.0916428162125383 -0.664410417540902 1.03670935840434 -1.28872710298882 -0.0916428162125383 -1.28872710298882 0.250108519246719
2.30036102115865 -0.560368704576219 1.68300566865942 -0.560368704576219 0.600259358122323 0.18045771842285 1.68300566865942 0.18045771842285 1.61462169115182
2.08693989201418 0.376648451965727 1.99662113057342 0.376648451965727 1.45086521037818 -0.0384335155067069 1.99662113057342 -0.0384335155067069 0.649526412063346
2.18286647976033 0.798656513263235 0.011519084325912 0.798656513263235 -2.32685503383423 0.414687035732834 0.011519084325912 0.414687035732834 -0.549076352868474
3.07051691625833 0.3859857845705 -1.28340273369691 0.3859857845705 -3.74985189710241 -0.3859857845705 -1.28340273369691 -0.3859857845705 -0.220011897205185
-2.28548243212513 -0.552197097694661 -0.396891663968038 -0.552197097694661 2.0899126266916 0.527271534257055 -0.396891663968038 0.527271534257055 -1.8272355350799
3.06513290697495 0.420780210151472 -1.40710446422213 0.420780210151472 -1.06546181653033 1.05967126317963 -1.40710446422213 1.05967126317963 -2.64821306572395
-1.68244144135248 -0.596186244699446 -0.0559527543569059 -0.596186244699446 0.617409703248617 -1.52808901554033 -0.0559527543569059 -1.52808901554033 -0.0733174022607733
1.82681127629896 -0.249374237717001 -1.58130330583338 -0.249374237717001 -1.41505381402205 -0.968499946482305 -1.58130330583338 -0.968499946482305 0.257106772219853
-1.34909862329705 -0.274781049158098 -0.141206928039578 -0.274781049158098 1.47503993749451 0.469417625645084 -0.141206928039578 0.469417625645084 -2.35472093514648
2.97254177334205 -0.341427575523389 -1.39850278109863 -0.341427575523389 -0.426302227065926 -1.01656684915721 -1.39850278109863 -1.01656684915721 1.68977715343779
-1.61167304333193 -0.674564698279237 -0.852787757767786 -0.674564698279237 1.15749169818369 0.105400734106131 -0.852787757767786 0.105400734106131 -1.39895519813592
-3.42143169943577 0.093607009085624 1.3296015984407 0.093607009085624 2.86169999204622 0.139455340066338 1.3296015984407 0.139455340066338 0.0878759677130348
-2.41461276626812 -0.31781420037558 1.2654431271052 -0.31781420037558 -0.515479129877464 -0.42827401392075 1.2654431271052 -0.42827401392075 -0.612373703162702
3.39463100259464 0.566401168397326 -1.21776251205425 0.566401168397326 3.83075990226058 0.0453120934717861 -1.21776251205425 0.0453120934717861 0.549409133345407
-4.35074511024846 0.0211481202884371 -1.35732481123969 0.0211481202884371 0.401814285480304 0.101895488662469 -1.35732481123969 0.101895488662469 0.176875187866928
-1.62323982283639 -0.50762434412125 -0.129318749262828 -0.50762434412125 0.378305594858422 -1.56340577467001 -0.129318749262828 -1.56340577467001 -0.169851491569087
0.520216044960029 0.722522284666707 0.229280405000902 0.722522284666707 0.851612932860492 0.117530291639118 0.229280405000902 0.117530291639118 0.352590874917353
0.72716535235564 -0.150777067811274 0.293919853708054 -0.150777067811274 -0.169862772597512 -0.177497054512007 0.293919853708054 -0.177497054512007 1.46578212758302
-3.0247903924476 -0.00577617516062559 0.0115523503212512 -0.00577617516062559 0.585319082943393 0.812515305927999 0.0115523503212512 0.812515305927999 -2.08712462470605
-1.13120167244423 0.187566773037761 2.32234736513764 0.187566773037761 -1.25882442523281 0.110219650135591 2.32234736513764 0.110219650135591 -0.955236967841791
2.71544862664869 0.568393627692111 -0.836539458696363 0.568393627692111 3.63696387686049 -0.0509854749092591 -0.836539458696363 -0.0509854749092591 0.660922822897804
1.87661488188406 0.492445039927024 0.226258531858362 0.492445039927024 1.39557783515998 0.0399279762102992 0.226258531858362 0.0399279762102992 0.100770606625993
1.64302903551643 1.10423735874801 0.112327593389884 1.10423735874801 1.10233350123292 1.0280830581447 0.112327593389884 1.0280830581447 0.0799620156334764
-2.94932357329028 -0.907631782801758 -0.241779290978904 -0.907631782801758 -0.865416351043537 -1.08225015961986 -0.241779290978904 -1.08225015961986 2.81883951149214
1.09895225791077 0.615875170808135 1.26446871006545 0.615875170808135 -0.548513824000995 1.08932920836689 1.26446871006545 1.08932920836689 -1.21250424252852
3.251136472831 0.587168085395146 -1.14224016612239 0.587168085395146 3.82697655657865 0.0264320038441545 -1.14224016612239 0.0264320038441545 0.62870409143596
-3.40308806408468 -1.12732093319284 0.109467279713785 -1.12732093319284 0.0364890932379282 -1.10235471150373 0.109467279713785 -1.10235471150373 2.54847509088057
-2.52487753259069 -0.0726308449950389 1.05505859045425 -0.0726308449950389 2.37579316654825 0.198779154723264 1.05505859045425 0.198779154723264 -0.116591619597299
-2.77672642494223 -0.392842592900729 -0.408173035550514 -0.392842592900729 -0.824011292425919 1.29158979324435 -0.408173035550514 1.29158979324435 -0.201212059778422
-5.90165530269608 -0.25251815233578 -1.08850627787166 -0.25251815233578 -1.10189739201068 -1.18607010945594 -1.08850627787166 -1.18607010945594 0.684859837395525
-2.00256856475533 -0.919053206047132 0.0831985007579509 -0.919053206047132 1.20928053427254 -0.0928727450321312 0.0831985007579509 -0.0928727450321312 1.12221233580492
2.94839834676983 0.696071010849692 0.677207297818535 0.696071010849692 -0.665889069999841 -0.558365905722246 0.677207297818535 -0.558365905722246 -0.537615821387974
-4.35977659561165 -0.962345682856191 0.525978409658242 -0.962345682856191 -1.22143875131747 0.00584420455175824 0.525978409658242 0.00584420455175824 1.39871295605414
-0.0286583553922247 -0.88267734608052 -0.280851882843802 -0.88267734608052 3.30144254118428 -0.479549813563226 -0.280851882843802 -0.479549813563226 2.32705845784864
-5.46640377128139 0.26157782628905 1.21433209868493 0.26157782628905 1.28688653225416 0.145108867138451 1.21433209868493 0.145108867138451 1.40908347300233
-5.81819314074465 0.0935646419089228 0.803892127421561 0.0935646419089228 -0.358982707732194 -0.202405143721343 0.803892127421561 -0.202405143721343 2.10806866668267
1.27890432359254 -0.0966283266714361 0.426301441197512 -0.0966283266714361 1.50437041915922 -0.278516941582375 0.426301441197512 -0.278516941582375 -2.73211856980806
3.08508546013606 0.594738017100892 -1.05164785881015 0.594738017100892 3.79310690906569 0.00377611439429138 -1.05164785881015 0.00377611439429138 0.675924476578157
-1.82808494542726 -0.366763123847475 -0.408788065121665 -0.366763123847475 0.767910290555652 0.479466375446439 -0.408788065121665 0.479466375446439 -2.42407502167941
1.21120427349079 0.27684669108361 2.25514700445191 0.27684669108361 1.72260163340913 -0.0326832899195929 2.25514700445191 -0.0326832899195929 1.37654326955462
-2.03484815049425 -0.338822316686248 0.0478562594189616 -0.338822316686248 -0.135911776749851 0.811642159745588 0.0478562594189616 0.811642159745588 0.107198021098474
-1.62029683163381 0.0212942235937537 1.87001999923328 0.0212942235937537 -1.15569558958827 -0.14518788813923 1.87001999923328 -0.14518788813923 -1.08987708029849
-3.91237202579457 -0.466718901457085 -1.40207735828672 -0.466718901457085 1.37710885738572 -0.174779506306974 -1.40207735828672 -0.174779506306974 0.706800640889741
-2.73034759764234 0.723984976525754 -0.941565567875249 0.723984976525754 -0.375470931974793 0.32155715712713 -0.941565567875249 0.32155715712713 -2.06797836379963
0.905208978318404 0.570089058685633 0.808910150837722 0.570089058685633 0.585496871082542 0.429492770563838 0.808910150837722 0.429492770563838 -0.242673045251317
0.805401367269783 0.915492201644789 0.220181668750013 0.915492201644789 -3.59823200773047 0.797675694682063 0.220181668750013 0.797675694682063 -3.142417325055
2.75345936180072 0.529065824076716 -1.41727852143179 0.529065824076716 -1.45589646479505 1.15274560939343 -1.41727852143179 1.15274560939343 -2.94075638711255
2.24252292335035 0.246848416626203 -0.100638200624529 0.246848416626203 1.5760321984596 -0.0702568570397654 -0.100638200624529 -0.0702568570397654 -1.72983775035747
2.12306109316559 0.363129906432848 1.28728591169316 0.363129906432848 -0.632115022309031 1.35261086840595 1.28728591169316 1.35261086840595 -0.441904118939444
0.981319573378211 0.656137204945039 1.26032219718182 0.656137204945039 -0.708089417653297 1.1564177717653 1.26032219718182 1.1564177717653 -1.26609466526052
-5.79358858773331 0.0496484190115577 0.729449848554425 0.0496484190115577 -0.553770827436605 -0.299800068646714 0.729449848554425 -0.299800068646714 2.14633934496119
-7.38249642239443 0.175252140590966 -0.593467476092134 0.175252140590966 -3.77987003229151 0.86829469656433 -0.593467476092134 0.86829469656433 -1.40998313111822
3.76278684755103 -0.645963908263266 1.37479199134747 -0.645963908263266 0.118646432129988 0.350289466288535 1.37479199134747 0.350289466288535 2.95674441974731
2.94611638780692 0.489444608365615 -0.54613703404503 0.489444608365615 -1.27935907283213 -0.617947439905622 -0.54613703404503 -0.617947439905622 -0.565034509271501
-2.2040495327767 -0.36574583906199 -0.137872777028604 -0.36574583906199 -0.54191660970965 0.978513736966895 -0.137872777028604 0.978513736966895 0.11489398085717
1.18116986119487 0.0517720556043206 1.32498112676243 0.0517720556043206 1.62794352622475 -0.235850475530794 1.32498112676243 -0.235850475530794 -1.12939780559055
2.31035598431821 -0.808055541313264 1.0186052246132 -0.808055541313264 -0.768221817445709 -0.053111631823407 1.0186052246132 -0.053111631823407 2.27241910444434
-3.12055843231788 -0.715653238984025 0.785473067177588 -0.715653238984025 0.118305819994649 -0.519769832107639 0.785473067177588 -0.519769832107639 0.0736987075376503
-5.36965231817219 -0.500657974149862 0.0554163406501756 -0.500657974149862 -0.120387222791761 -1.80580834187641 0.0554163406501756 -1.80580834187641 1.08539591342413
-3.28542145133266 -0.0443975871801712 -0.451697191311306 -0.0443975871801712 -0.818459868017068 0.644730179051181 -0.451697191311306 0.644730179051181 -1.17943155509063
-5.82564540296405 0.135568935958849 0.878333951282682 0.135568935958849 -0.135568935958849 -0.114565297993393 0.878333951282682 -0.114565297993393 2.04308114754885
-2.33131813653288 0.444335387408494 -0.311611830130632 0.444335387408494 0.528970699295826 0.359700075521162 -0.311611830130632 0.359700075521162 -5.00694811006195
-1.91999361772237 -0.28064422839692 -1.13612525564822 -0.28064422839692 -1.24838294700699 0.514836998300556 -1.13612525564822 0.514836998300556 -0.298063525331901
2.49350542763831 0.561038721218619 -0.746162609028129 0.561038721218619 -1.72467458744983 -0.283352889504353 -0.746162609028129 -0.283352889504353 0.504368143317748
-4.45337834603859 0.223432790088557 1.39406783559527 0.223432790088557 2.5456060614363 0.166142331091491 1.39406783559527 0.166142331091491 0.582452999803503
0.681958258418746 0.482734497532371 -0.557443407864762 0.482734497532371 -0.379291390918291 0.0344810355380265 -0.557443407864762 0.0344810355380265 -1.2432328924544
2.91128467101896 0.472987231034248 -1.40930889246939 0.472987231034248 -1.26451688296911 1.11007207283548 -1.40930889246939 1.11007207283548 -2.81282610455877
-1.9112561495692 -0.792472062016497 -0.299119356741521 -0.792472062016497 -2.1812405040307 0.149559678370761 -0.299119356741521 0.149559678370761 -1.84715914455316
-1.93048104618804 -0.609625593533065 -0.529109005707943 -0.609625593533065 1.99757820270897 0.300978673536765 -0.529109005707943 0.300978673536765 -1.7100189604764
2.53080553015145 -0.394608358524364 -0.0512232003853742 -0.394608358524364 0.751273605652154 -0.244733068507899 -0.0512232003853742 -0.244733068507899 2.39041601798413
-2.24693468682776 0.652708533705749 -0.800963864370477 0.652708533705749 0.119374422093677 0.367750235804714 -0.800963864370477 0.367750235804714 -2.20842680873302
2.89842095366568 0.360624182190039 0.337605617369398 0.360624182190039 -0.260877067967262 -0.625337677627408 0.337605617369398 -0.625337677627408 0.560118410635592
0.150094192536604 -0.976562214731825 -0.176693163365875 -0.976562214731825 2.0462208273661 -0.636475373414711 -0.176693163365875 -0.636475373414711 1.74413251580509
1.74721955467196 -0.706804026970857 1.24774470894589 -0.706804026970857 -0.81046861759325 -0.194135506074662 1.24774470894589 -0.194135506074662 0.814238239070428
-4.25127634598674 -0.770313422800883 -1.06524450659366 -0.770313422800883 -1.64734532986889 -1.05554282620574 -1.06524450659366 -1.05554282620574 -0.853747874136999
2.4138549918853 -0.420048782052481 1.72771195875885 -0.420048782052481 0.976946036085861 0.214776074081133 1.72771195875885 0.214776074081133 1.59086348677795
1.14383747353955 0.385734840826358 -0.127941754135475 0.385734840826358 -1.37871561919124 -0.504128702862171 -0.127941754135475 -0.504128702862171 -0.106936391516218
-5.3099257291322 0.267310176943009 1.26781398207256 0.267310176943009 1.58094876077722 0.164204822979277 1.26781398207256 0.164204822979277 1.24299232278499
0.576804590706458 0.707546964599922 1.18052672897922 0.707546964599922 -0.584495318582544 1.05555240099282 1.18052672897922 1.05555240099282 -1.11131017809444
-3.32673965878906 -0.67379435674262 -1.39174048045128 -0.67379435674262 1.70080284921356 -0.374330198190344 -1.39174048045128 -0.374330198190344 0.840803214396773
2.54001046624185 0.42845864899541 1.40065630097603 0.42845864899541 -0.639805964643371 1.14319684373215 1.40065630097603 1.14319684373215 -0.678232749306636
-2.10425039339084 0.342373464372549 -0.398153410815268 0.342373464372549 0.492402285839172 0.398153410815268 -0.398153410815268 0.398153410815268 -4.8163098583644
-0.448346299137309 -0.471637015975611 -0.89475170520476 -0.471637015975611 -2.95598014539447 -0.0582267920957544 -0.89475170520476 -0.0582267920957544 -2.37759401057664
-4.06104019602481 -0.378441304927572 -1.39850390856484 -0.378441304927572 1.20832274517484 -0.111419267440605 -1.39850390856484 -0.111419267440605 0.637779255004843
-2.99087951464883 -1.18096464436938 0.305819834616825 -1.18096464436938 1.17711785399684 -1.21366236253595 0.305819834616825 -1.21366236253595 1.48101429342739
2.64833370854041 0.695115789009521 0.273833492640114 0.695115789009521 -0.970864201178587 0.30064236604544 0.273833492640114 0.30064236604544 0.708520225712184
1.77241954696734 0.492550067236632 0.332804099484211 0.492550067236632 1.26465557804 0.0513469182061354 0.332804099484211 0.0513469182061354 0.17305813173179
2.53440779679613 0.451695349317133 -0.26837129541018 0.451695349317133 -1.25302935814753 -0.810783702330754 -0.26837129541018 -0.810783702330754 -1.29838788694925
-3.19020526060843 -1.0446320329929 0.213586475147247 -1.0446320329929 -0.532024492639507 -0.114560018488069 0.213586475147247 -0.114560018488069 -0.281545808148644
-1.48626306337624 -0.713406270420595 -1.15065527487193 -0.713406270420595 0.462179868740224 -0.909017667148823 -1.15065527487193 -0.909017667148823 1.37695081226341
0.531690896085256 0.612018297652094 0.110928316449442 0.612018297652094 2.1229384699807 1.24698728146614 0.110928316449442 1.24698728146614 -1.41911742768079
2.81813704642968 0.1900514765644 0.339789003554532 0.1900514765644 -0.833154957868176 -0.671899159571109 0.339789003554532 -0.671899159571109 0.0979053061089331
-2.93881885996373 0.0114648330037597 1.21718310389915 0.0114648330037597 2.71334381088979 0.152864440050129 1.21718310389915 0.152864440050129 -0.0535025540175452
1.24590211652401 0.410212794873907 1.23063838462172 0.410212794873907 -1.31077297710872 0.083950525462567 1.23063838462172 0.083950525462567 -1.63894321300784
-6.14672968944124 -0.346159948285272 -0.740132044123759 -0.346159948285272 0.219935878744786 -1.81112414931576 -0.740132044123759 -1.81112414931576 0.560358369323673
2.54092089233412 0.819590272790479 0.353436364723167 0.819590272790479 -1.14819056864121 -0.0554035382539019 0.353436364723167 -0.0554035382539019 -1.20932550740413
1.67981837985886 -0.624960614829114 -0.632535895008861 -0.624960614829114 1.91275824538608 -0.357931988493038 -0.632535895008861 -0.357931988493038 -0.0549207813031646
4.64625050163508 0.358144464692965 -1.68867040610608 0.358144464692965 0.302304736326858 0.514110602543128 -1.68867040610608 0.514110602543128 -0.171370200847709
7.31915909379871 0.307527693016752 -0.780351521030009 0.307527693016752 -1.47421087839906 0.887986213585872 -0.780351521030009 0.887986213585872 0.628509722602988
3.35743595316854 0.0188619997369019 1.63344917721571 0.0188619997369019 0.480980993290999 0.584721991843959 1.63344917721571 0.584721991843959 3.06318875727287
3.07013735947782 0.563015958845778 -0.812405578200283 0.563015958845778 -1.47744456314563 -0.360859221944777 -0.812405578200283 -0.360859221944777 0.372195113733618
-1.96556202975147 -0.668558513520908 -0.30562674903813 -0.668558513520908 0.210118389963714 -1.12317830271513 -0.30562674903813 -1.12317830271513 0.00382033436297662
-5.37777333574983 -0.361065421121392 0.250262276015356 -0.361065421121392 -0.739324433724754 -1.32008574600466 0.250262276015356 -1.32008574600466 1.60855600309107
-2.3235265863143 -0.632473108610224 -0.473877132735153 -0.632473108610224 -0.385980567792342 -0.989791753051649 -0.473877132735153 -0.989791753051649 -0.0535022569217108
0.727191680414265 0.305075137693583 1.22413797388998 0.305075137693583 1.21838183921651 0.0422116542720681 1.22413797388998 0.0422116542720681 -0.94592479800589
2.46654591172774 0.690708342534317 0.671836529896767 0.690708342534317 -0.924718819239932 -0.732226330336926 0.671836529896767 -0.732226330336926 -1.12098567067045
-1.74162169206208 -0.206829657103932 -0.431056201253989 -0.206829657103932 -0.724870293588546 -1.67783310622629 -0.431056201253989 -1.67783310622629 -0.386597489913891
-1.02789329005293 -0.865898850344777 -0.138852376892704 -0.865898850344777 2.27370767161802 -0.158137429238913 -0.138852376892704 -0.158137429238913 1.23617185539199
1.19077241711802 0.401383960826299 -0.32110716866104 0.401383960826299 -1.14107726006334 -0.351688803771615 -0.32110716866104 -0.351688803771615 -0.2618552506343
0.552734022081668 -0.443319096208847 0.937572726875731 -0.443319096208847 -1.44691807145611 -0.418795061099421 0.937572726875731 -0.418795061099421 -0.390498097511622
-2.41595533710087 -0.531126689188049 -0.370063000047991 -0.531126689188049 2.03438778782859 0.615493383499508 -0.370063000047991 0.615493383499508 -1.83497560127423
-2.33102140420398 -1.01230713227494 -1.24114284416851 -1.01230713227494 -0.122174998722837 -0.0271499997161861 -1.24114284416851 -0.0271499997161861 -0.878496419388022
5.43121269092981 0.511761450863383 -1.7642302648185 0.511761450863383 0.0904240157540564 0.523304942236241 -1.7642302648185 0.523304942236241 0.430957011253375
0.655748290706802 0.705746694103802 1.19803866601272 0.705746694103802 -0.671132414828956 1.10765693679507 1.19803866601272 1.10765693679507 -1.16150137122261
1.1779451280831 -0.192824080934186 0.391375609816912 -0.192824080934186 -0.460104985199395 -0.0534561808530417 0.391375609816912 -0.0534561808530417 1.11685234996534
-2.06949973633019 -0.713488324295488 -0.63676914964006 -0.713488324295488 -0.991595332421418 -1.06639652771046 -0.63676914964006 -1.06639652771046 2.42432591911155
3.10913709445635 0.160085842952777 -1.07623976346566 0.160085842952777 -3.84013148577084 -0.557407332690995 -1.07623976346566 -0.557407332690995 -0.603697214990593
3.13627705969831 -0.0926326557716801 -1.16074389069003 -0.0926326557716801 2.75251320007278 -0.0586043332433078 -1.16074389069003 -0.0586043332433078 -0.419682644516591
0.892405598632488 0.388997312224418 0.234542497076487 0.388997312224418 -1.59793993943168 -0.678838446823003 0.234542497076487 -0.678838446823003 -0.0533917879523711
-2.01776435289999 -0.221858450176681 0.623498747910328 -0.221858450176681 1.30054953551848 0.405465443426348 0.623498747910328 0.405465443426348 -0.0650274767759238
2.13669863213373 0.447743214691153 -0.460967697825491 0.447743214691153 3.22299546102577 -0.13791246697238 -0.460967697825491 -0.13791246697238 0.307941535842438
3.50225384951517 -0.370078557571223 -1.26250757921433 -0.370078557571223 -0.206241696146463 -0.903993976567206 -1.26250757921433 -0.903993976567206 2.02579460420497
1.27179437020031 0.0378510229226283 0.289560325358107 0.0378510229226283 2.0061042148993 -0.278205018481318 0.289560325358107 -0.278205018481318 -1.66733755974178
-3.54040862833691 -0.616307575757131 -1.39773182290091 -0.616307575757131 1.62620721702894 -0.307193807230969 -1.39773182290091 -0.307193807230969 0.804463782686099
-5.46114049138421 -0.263601744599867 0.353379150369387 -0.263601744599867 -0.916875633390843 -1.04485619055165 0.353379150369387 -1.04485619055165 1.85094268490776
3.10457378801118 0.523412622811379 -0.691584909563049 0.523412622811379 -1.33593041273518 -0.498848131488101 -0.691584909563049 -0.498848131488101 -0.113374575338205
-3.6536379080835 -1.05165785777018 -1.12733065565402 -1.05165785777018 -0.634487305333672 -0.576277460807647 -1.12733065565402 -0.576277460807647 -1.03807556071411
2.96843710004035 0.497621494440421 1.69460292701333 0.497621494440421 0.313174917350535 0.34199469502083 1.69460292701333 0.34199469502083 -0.511070724019892
-2.2498583622448 -0.183780347732808 -1.02143182739919 -0.183780347732808 -1.36384363317505 0.551341043198425 -1.02143182739919 0.551341043198425 -0.352084455656538
0.366910664884419 0.456261966695651 1.02468833353732 0.456261966695651 -1.46384047648188 -0.693898407682969 1.02468833353732 -0.693898407682969 -0.0456261966695651
-2.88438304273376 -0.394805918141631 -0.429303522639444 -0.394805918141631 -0.745531563869391 1.32624123958257 -0.429303522639444 1.32624123958257 -0.320061108396371
3.38595843527615 1.07508962747186 -0.185558174136603 1.07508962747186 0.862749861191833 -0.413201707355734 -0.185558174136603 -0.413201707355734 1.52655075217535
-2.61292172676297 -0.819175901121725 -0.400954949260985 -0.819175901121725 -1.0282863770521 -1.07816594011805 -0.400954949260985 -1.07816594011805 2.72802841076134
2.34402564064677 0.397715825913018 1.34685407712573 0.397715825913018 -0.653253047393363 1.25270878500139 1.34685407712573 1.25270878500139 -0.572557082715359
2.81699530738777 -0.10198138749423 -0.0904363247590337 -0.10198138749423 -2.6418951892373 -0.754277432032792 -0.0904363247590337 -0.754277432032792 -0.915908310325533
-5.70053704843076 -0.051562646669223 0.592015572868856 -0.051562646669223 -0.83264125732523 -0.521355649655477 0.592015572868856 -0.521355649655477 2.14080470059996
3.51441203603912 0.310549032822337 -1.44472810921696 0.310549032822337 -0.464859111243374 0.873780819059122 -1.44472810921696 0.873780819059122 -1.97709787976954
-0.13239621808617 -0.819321523518763 -0.328112366561378 -0.819321523518763 3.32525573830917 -0.305086937329001 -0.328112366561378 -0.305086937329001 1.75377019319941
-3.15000142174088 -0.404534570899164 -0.425624050898646 -0.404534570899164 -0.0632684399984474 1.3286372399674 -0.425624050898646 1.3286372399674 -0.904930414523248
2.72482168777381 -0.320340226749613 -1.45696910359011 -0.320340226749613 -0.582787641436042 -1.0440003775394 -1.45696910359011 -1.0440003775394 1.46082862439432
0.668185268154426 1.20505088823226 -1.53335000842374 1.20505088823226 -1.65308262872887 0.770537346802358 -1.53335000842374 0.770537346802358 -1.41361738811861
0.420749837657349 -0.367920261628624 0.847159987032062 -0.367920261628624 -1.55469895170249 -0.437730772809439 0.847159987032062 -0.437730772809439 -0.530182530859709
-2.20039096210235 -0.792294217391691 -1.31985089967429 -0.792294217391691 1.47332193452014 -0.684864492999597 -1.31985089967429 -0.684864492999597 1.00715366617588
0.0589269550399871 -0.98465041002301 -0.163474778498029 -0.98465041002301 2.16699124985759 -0.642493896887601 -0.163474778498029 -0.642493896887601 1.94458951631957
1.22721817537084 -0.24002374407884 -1.53111920618034 -0.24002374407884 -2.09827208533438 -0.758784739346011 -1.53111920618034 -0.758784739346011 -0.751042037924113
-6.16622601212782 -0.319404387104635 -0.810942875044105 -0.319404387104635 0.0286890168058056 -1.71369060386679 -0.810942875044105 -1.71369060386679 0.585255942838434
0.937530302838882 0.456454147442769 1.63262852736791 0.456454147442769 -0.590928190880265 -0.155308050167249 1.63262852736791 -0.155308050167249 0.808738261236773
-3.98726840091462 -0.378169911565345 -0.996817100228654 -0.378169911565345 -2.38537944218141 -1.45062099410707 -0.996817100228654 -1.45062099410707 -0.56046720226864
2.13779253830939 0.446561108002407 -0.0171023403064752 0.446561108002407 1.6304231092173 0.00380052006810559 -0.0171023403064752 0.00380052006810559 -0.383852526878665
2.51180858723962 -0.44348523001491 0.907997776970183 -0.44348523001491 -0.340260219580405 -0.0152925941384452 0.907997776970183 -0.0152925941384452 -0.468335695489884
2.4859583698152 -0.788831946485984 0.635237264598088 -0.788831946485984 -0.972766318623341 -0.166868296372035 0.635237264598088 -0.166868296372035 2.68695881771788
1.42404425528364 -0.237985656793326 -1.5614180896928 -0.237985656793326 -1.87679745601241 -0.839721748360192 -1.5614180896928 -0.839721748360192 -0.419860874180096
-3.8411658403348 -0.308301549022329 -0.975318736844222 -0.308301549022329 -2.44120534729001 -1.51048368986411 -0.975318736844222 -1.51048368986411 -0.515774918490185
-3.00375041329526 -0.639921004769164 0.868741242838138 -0.639921004769164 0.0271481638386918 -0.521632576614864 0.868741242838138 -0.521632576614864 -0.0446005548778508
1.41293983323115 0.145644400480319 0.126729543275083 0.145644400480319 2.3378763505672 -0.253459086550166 0.126729543275083 -0.253459086550166 -1.02518526052381
3.30711982986888 0.964576617045091 -0.0650706448006609 0.964576617045091 0.876539862314785 -0.463149883581175 -0.0650706448006609 -0.463149883581175 1.59040311262792
2.44083673031462 0.757368820482542 0.109291196879759 0.757368820482542 -1.67004618389948 0.350882263666595 0.109291196879759 0.350882263666595 0.122712922812361
-1.30359796796755 -0.0538359042818458 -0.0942128324932302 -0.0538359042818458 1.96501050628737 1.0728726639025 -0.0942128324932302 1.0728726639025 -0.121130784634153
2.5523142675482 0.730053855807706 0.183950577841312 0.730053855807706 -1.32214477823443 0.323829663074809 0.183950577841312 0.323829663074809 0.431134166815574
-1.13876471764329 -0.247972216572242 -0.0686692292046208 -0.247972216572242 1.70147090140338 0.452072425597087 -0.0686692292046208 0.452072425597087 -2.2565471708074
1.94850028759077 0.455469029398035 0.12473425701357 0.455469029398035 -1.28892065580689 -1.0167731859591 0.12473425701357 -1.0167731859591 -2.08079419654455
3.66010950220452 0.356945663527685 -1.35790440252066 0.356945663527685 3.54679341854493 0.0661010488014231 -1.35790440252066 0.0661010488014231 0.0661010488014231
2.63615638199182 0.451528243271193 1.83109113122318 0.451528243271193 0.937641628580179 0.0941484422139934 1.83109113122318 0.0941484422139934 0.0134497774591419
3.80588351467474 -0.12818230757696 1.56080809814298 -0.12818230757696 0.556085010811812 0.6409115378848 1.56080809814298 0.6409115378848 3.41568149013899
2.28664837286833 0.403526183447352 1.9388472338018 0.403526183447352 1.3028131065586 -0.00768621301804481 1.9388472338018 -0.00768621301804481 0.436192588774043
-1.9044471562545 -0.690434014352084 -0.713448481497153 -0.690434014352084 -0.903317835443976 -1.05866548867319 -0.713448481497153 -1.05866548867319 2.29377522545859
4.84302383006037 -0.0320231058385944 1.00778597786165 -0.0320231058385944 1.92327006242382 0.448323481740322 1.00778597786165 0.448323481740322 1.43727233852044
-1.37683991649967 -0.0153836862178734 -0.165374626842139 -0.0153836862178734 1.9575740712244 0.9845559179439 -0.165374626842139 0.9845559179439 -0.355747743788323
-3.29992052415549 -0.853594962156622 0.63825623306711 -0.853594962156622 0.213398740539155 -0.481117160488278 0.63825623306711 -0.481117160488278 0.236678603143427
-2.22361965924899 0.37701509793495 -0.359703180172631 0.37701509793495 0.502045615107256 0.378938644352986 -0.359703180172631 0.378938644352986 -4.92620237658882
0.305294141513415 -0.133566186912119 0.223246340981685 -0.133566186912119 0.227062517750602 -0.347272085971509 0.223246340981685 -0.347272085971509 1.70773910409066
1.35921336806964 -0.0364246177620919 1.35921336806964 -0.0364246177620919 1.70237160909145 -0.302899452968974 1.35921336806964 -0.302899452968974 -1.20009530100366
-2.34380916894478 -1.00338913477422 0.233032793296892 -1.00338913477422 1.33849414331686 -1.34427181587794 0.233032793296892 -1.34427181587794 0.672135907938971
0.752949957413334 -0.862952721972461 -0.330008293677381 -0.862952721972461 1.77521702805763 -0.542427425239833 -0.330008293677381 -0.542427425239833 0.788985345803393
2.03276473874259 -0.328604826187712 0.662941131901954 -0.328604826187712 -0.618999788865225 0.040120356685709 0.662941131901954 0.040120356685709 0.217796222008135
3.11367778947433 0.233429375790827 -1.16135937376924 0.233429375790827 -3.8371159375864 -0.505442119480964 -1.16135937376924 -0.505442119480964 -0.47264625676655
-0.766829264670294 0.322068291161523 0.185956096682546 0.322068291161523 2.08960974622655 1.15791218965214 0.185956096682546 1.15791218965214 -2.05701950247806
-2.76725131189731 -0.94827322460952 0.246279549131716 -0.94827322460952 0.405294691090776 -0.0581762714484368 0.246279549131716 -0.0581762714484368 1.15382938372733
-4.73334407189972 -0.953689843905629 0.573384077930992 -0.953689843905629 -1.59728421709348 0.0234034317522854 0.573384077930992 0.0234034317522854 1.47831677235269
0.0595621914969339 0.0192136101603012 0.653262745450242 0.0192136101603012 0.60907144208155 1.68503361105842 0.653262745450242 1.68503361105842 0.699375409834965
2.0366158567279 -0.26472141591245 -1.5690057643862 -0.26472141591245 -1.1864156888339 -1.0125111090374 -1.5690057643862 -1.0125111090374 0.587411025090399
4.99888459376026 0.0169517563465872 0.956832469340699 0.0169517563465872 1.83455674239732 0.440745665011267 0.956832469340699 0.440745665011267 1.52000748574398
-3.66401440127668 -0.244267626751778 -0.949929659590249 -0.244267626751778 -2.45624669122622 -1.56447599038639 -0.949929659590249 -1.56447599038639 -0.476903461753472
-1.25953775370431 -0.585875894526097 0.0438929823260594 -0.585875894526097 1.61831517445645 -1.3549572805001 0.0438929823260594 -1.3549572805001 0.652669563283145
3.75715761736323 0.642845332423915 0.673008163270784 0.642845332423915 -0.162125215801926 -0.271465477621829 0.673008163270784 -0.271465477621829 0.346872554739004
-7.07790255442479 -0.548093846832895 0.384454317023074 -0.548093846832895 -3.78342479162707 0.370653392822245 0.384454317023074 0.370653392822245 1.33474652628011
-0.116172163283136 -0.177114937464453 0.119981086669468 -0.177114937464453 2.37295926968503 0.316140641065582 0.119981086669468 0.316140641065582 -1.48167119728327
4.41104839419712 -0.101749941600446 1.1060595503604 -0.101749941600446 2.01804050840885 0.435263639068575 1.1060595503604 0.435263639068575 1.21911504102757
0.386159252461862 0.641677563792348 1.13734466396728 0.641677563792348 0.0211330934183109 0.720446366533325 1.13734466396728 0.720446366533325 -0.912565397608878
5.64188429661799 0.550146235537929 -1.76008323607414 0.550146235537929 -0.0307774117783457 0.555917000246369 -1.76008323607414 0.555917000246369 0.505903706106557
2.20108452858283 -0.465577638891983 -0.815707164074978 -0.465577638891983 2.12916603151822 -0.251714739726153 -0.815707164074978 -0.251714739726153 -0.312277684622672
-2.77769867205892 -1.07461247508425 -1.20069516620424 -1.07461247508425 -0.162937631601221 -0.195913104663373 -1.20069516620424 -0.195913104663373 -0.977625789607328
1.15639680616166 0.400071382691843 1.08971824237969 0.400071382691843 -0.163838756721421 0.0990652947617896 1.08971824237969 0.0990652947617896 -0.521997899321738
-1.94862059817169 -0.604876334992392 -1.0470485925343 -0.604876334992392 -0.220129045962421 0.271811517623164 -1.0470485925343 0.271811517623164 -1.63852576820724
1.34070506741475 1.03160879827014 -1.56286801086244 1.03160879827014 -2.10958203691197 1.07410953527752 -1.56286801086244 1.07410953527752 -2.44379237792458
1.49923632164886 -0.199518141664298 0.0741067383324534 -0.199518141664298 2.19469955830727 0.00380034555551043 0.0741067383324534 0.00380034555551043 0.505445958882887
-1.44505943511019 -0.647127012552648 -0.0381785848113656 -0.647127012552648 1.26562008649677 -1.32479689295439 -0.0381785848113656 -1.32479689295439 0.370332272670247
1.98314015212223 0.0493412860815102 0.0835006379840941 0.0493412860815102 1.37396504319282 -0.14802385824453 0.0835006379840941 -0.14802385824453 -2.71377073448306
-0.391039073262203 -0.190750767444977 0.148785598607082 -0.190750767444977 1.10826195885532 -0.763003069779908 0.148785598607082 -0.763003069779908 1.79305721398278
0.209784507423515 0.221332278474351 2.55590665925163 0.221332278474351 1.23946075945636 0.157819537694755 2.55590665925163 0.157819537694755 1.57242149142213
0.527138726676894 1.22999036224608 -1.50031791438808 1.22999036224608 -1.46942333700042 0.67774979144172 -1.50031791438808 0.67774979144172 -1.13151389682293
0.604832487204896 0.481590757837128 1.51302923131507 0.481590757837128 -0.88354839823662 -0.348868895441069 1.51302923131507 -0.348868895441069 0.437982145906994
1.12050037174029 0.388745026930304 1.16051824215958 0.388745026930304 -0.390650639807414 0.100997482486795 1.16051824215958 0.100997482486795 -0.727944119055766
1.16097837875778 1.0837086031333 -1.5685764451769 1.0837086031333 -2.04378556526744 1.01223406068066 -1.5685764451769 1.01223406068066 -2.21377907164129
-1.23792781785173 0.154740977231466 2.22053302327154 0.154740977231466 -1.27854732437499 0.0483565553848331 2.22053302327154 0.0483565553848331 -1.04063307188161
2.88474535628426 0.614022103948054 -1.31300324114678 0.614022103948054 -3.46401149208431 -0.177641614978682 -1.31300324114678 -0.177641614978682 0.0559957264606716
-0.732180990204598 -0.098008479003765 0.301712376541002 -0.098008479003765 1.45090983623221 1.4931880036456 0.301712376541002 1.4931880036456 0.693746292556062
-2.87092602368849 -0.756112869875176 -1.3721337613217 -0.756112869875176 1.73099951428276 -0.504714935982668 -1.3721337613217 -0.504714935982668 0.900042984699131
-3.29596576871982 0.691151700333187 -1.07234400302391 0.691151700333187 -0.612217940685107 0.294557688442835 -1.07234400302391 0.294557688442835 -1.63258117516029
-4.19904813580463 -0.842138119657675 -1.07498736933261 -0.842138119657675 -1.44172493757063 -0.964383975737015 -1.07498736933261 -0.964383975737015 -0.910052484146197
4.17078858775468 -0.350391453171803 1.46373203824995 -0.350391453171803 0.518051879689493 0.621662255627392 1.46373203824995 0.621662255627392 3.61506020772414
-3.48582598178929 -0.476122144523057 -0.894880175248155 -0.476122144523057 -1.61193159772264 -0.732348519487272 -0.894880175248155 -0.732348519487272 0.128113187482108
2.2185152921063 -0.751524427437207 1.37589699467671 -0.751524427437207 -0.263792665186293 0.0626270356197673 1.37589699467671 0.0626270356197673 1.89019780234207
-4.25261866859467 -0.613059990545582 -1.04181397127524 -0.613059990545582 -2.01960585493022 -1.2300001076136 -1.04181397127524 -1.2300001076136 -0.733343912741234
2.31577930593406 0.780880014511319 0.0518028510855175 0.780880014511319 -2.00688082353523 0.381806198741407 0.0518028510855175 0.381806198741407 -0.205292780227791
-1.67466080815751 -0.674065296784039 -0.156581740329437 -0.674065296784039 0.77908963480988 -1.24119672212358 -0.156581740329437 -1.24119672212358 0.147034073236178
-3.57044424486961 -0.965983010179748 0.400387324138889 -0.965983010179748 -0.421767229796791 -0.0272107890191478 0.400387324138889 -0.0272107890191478 1.2516962948808
2.93735781149404 -0.086676132142447 -0.47382952237871 -0.086676132142447 -3.33414188307946 -0.728079509996555 -0.47382952237871 -0.728079509996555 -1.01314767793171
-5.76429216667047 0.204299192392759 1.0214959619638 0.204299192392759 0.395233017058889 0.0229120589599356 1.0214959619638 0.0229120589599356 1.84442074627482
4.0791981526585 -0.546153030596014 1.39928173011323 -0.546153030596014 0.320158673108008 0.487771154911612 1.39928173011323 0.487771154911612 3.36166606763408
2.25782890820972 -0.28198718614082 -1.54320384744189 -0.28198718614082 -0.965709541578152 -1.04103488582125 -1.54320384744189 -1.04103488582125 0.90390413091715
7.17883839408225 0.666949644644321 -1.35504178522838 0.666949644644321 -1.26278362112772 0.968710723056882 -1.35504178522838 0.968710723056882 0.395941287598646
-1.95038788510076 -0.907337505195982 -1.27182351155676 -0.907337505195982 -0.211324333475132 0.124080342590903 -1.27182351155676 0.124080342590903 -0.750298321604369
2.0879538364064 -0.350546378038872 1.44624325365764 -0.350546378038872 1.63779865149309 -0.430999645129761 1.44624325365764 -0.430999645129761 -1.43666548376587
1.94052304042958 -0.547132837740632 -0.723199806286925 -0.547132837740632 2.01057118920606 -0.304804106838207 -0.723199806286925 -0.304804106838207 -0.200678480278571
-3.11334951967363 -0.402588299957797 -0.437095868525608 -0.402588299957797 -0.279894722827802 1.34771226128729 -0.437095868525608 1.34771226128729 -0.749581072778565
-0.607646363616193 0.256561797971281 2.71608279356063 0.256561797971281 -0.299000591620666 0.341439385270051 2.71608279356063 0.341439385270051 0.360729746019772
2.52517072017932 -0.49967366032358 1.41861372528648 -0.49967366032358 1.22716787841921 -0.380977235265871 1.41861372528648 -0.380977235265871 -1.46264627006596
0.848216875566082 0.940960406379686 0.177758434059407 0.940960406379686 -3.38900318848043 0.79025216880758 0.177758434059407 0.79025216880758 -2.90596396549291
-5.35328757245089 -0.40503103688779 0.20060499468499 -0.40503103688779 -0.60945707909059 -1.45199805676755 0.20060499468499 -1.45199805676755 1.47492434187441
-2.54417007456061 -0.385073934477923 -0.335263375789237 -0.385073934477923 -0.846779497707672 1.19353761780968 -0.335263375789237 1.19353761780968 -0.0134105350315695
0.818913619738671 1.17235982825796 -1.55477703747554 1.17235982825796 -1.81551604376026 0.85754162066974 -1.55477703747554 0.85754162066974 -1.69576924087395
0.58072742693962 0.418885357136775 0.637848157458272 0.418885357136775 -1.61842069802845 -0.750185594144952 0.637848157458272 -0.750185594144952 -0.0799690227261117
