63.0487248532642 -7.83520915451351 -5.44847839515188 -7.83520915451351 17.5074668905012 10.9166522429316 -5.44847839515188 10.9166522429316 23.0329366004712
35.2817176393256 -8.44397769028467 -6.81820760063698 -8.44397769028467 1.8352580857807 8.36519587977311 -6.81820760063698 8.36519587977311 13.3911172912721
31.8099464897365 -5.4252019511371 0.78065612234184 -5.4252019511371 22.7912196818561 0.47627185445626 0.78065612234184 0.47627185445626 29.1062979926352
37.4052455317509 -5.70989076639479 2.95252739849012 -5.70989076639479 20.9846095271706 5.74928167165057 2.95252739849012 5.74928167165057 8.85579169977692
10.4690283195705 -4.8468718421545 3.77257442608774 -4.8468718421545 9.94262258569779 9.24791025664129 3.77257442608774 9.24791025664129 18.3489998664201
21.2048404974642 -4.70721317806582 -10.3490651081097 -4.70721317806582 3.45028520126772 4.88447225171683 -10.3490651081097 4.88447225171683 11.7939951327195
32.4008100685732 -6.40460309545129 -9.33922553700696 -6.40460309545129 12.1717897240363 3.14231994199525 -9.33922553700696 3.14231994199525 14.4815291685798
35.5216440622471 -5.69377630515379 -7.06529600633234 -5.69377630515379 7.21569764458168 4.48519171207869 -7.06529600633234 4.48519171207869 25.0150153331143
34.2253251801933 -4.13604505185699 -4.46370576375735 -4.13604505185699 8.27029960802054 -0.182630560731348 -4.46370576375735 -0.182630560731348 2.30615845315663
33.1492372684331 -3.55055296010061 -6.94354229917811 -3.55055296010061 9.39473090350374 6.70361587625653 -6.94354229917811 6.70361587625653 27.6201865670762
-4.51025865178691 -4.66961276850348 -4.17722645280622 -4.66961276850348 4.55144005273614 4.93997761821361 -4.17722645280622 4.93997761821361 15.7402476410714
9.88890771489445 -8.88264913517859 -4.13604505185699 -8.88264913517859 -0.266783858323243 6.34193574618073 -4.13604505185699 6.34193574618073 17.8064796713064
26.8269969748802 -6.5657477078613 -3.60784882229084 -6.5657477078613 11.2156650237369 4.02145332747654 -3.60784882229084 4.02145332747654 14.961382014423
29.7974293303048 -3.6544017103204 -3.03668069608202 -3.6544017103204 14.2541362155124 1.16382220073898 -3.03668069608202 1.16382220073898 27.6953873862009
38.9432813324198 -6.3168688064725 -1.15486972227176 -6.3168688064725 6.68750141501553 7.45204307611637 -1.15486972227176 7.45204307611637 0.863018924240291
42.0551628476264 -6.66959645808108 -5.17811354544174 -6.66959645808108 9.20314786430517 5.55053664967822 -5.17811354544174 5.55053664967822 11.405457567242
8.32759547021077 -7.61139719283294 -8.73761898400958 -7.61139719283294 6.2166010476396 7.26404102830469 -8.73761898400958 7.26404102830469 30.3793404306743
-1.6221890982608 -4.52816360872136 -5.58097507646678 -4.52816360872136 8.8468392213097 4.30435164704079 -5.58097507646678 4.30435164704079 10.6552398716887
5.07426479522196 -7.77970378801673 -3.46998065389561 -7.77970378801673 -2.11815640534495 4.25421776762434 -3.46998065389561 4.25421776762434 14.3150130690895
-0.891666855335404 -5.40192550712232 -2.99728979082624 -5.40192550712232 0.161144612410013 6.42608904377262 -2.99728979082624 6.42608904377262 19.1224940059882
21.0705533204559 -4.06084423273232 -2.90060302338023 -4.06084423273232 12.2738479785626 1.94447832308082 -2.90060302338023 1.94447832308082 19.6471092441674
2.18798573738928 -7.23718359290302 -6.0196465213607 -7.23718359290302 3.53980998593995 8.03037318509897 -6.0196465213607 8.03037318509897 26.5172412199143
43.7829911918005 -3.50041908068417 -8.63197973809635 -3.50041908068417 9.08318465284439 5.42162095975021 -8.63197973809635 5.42162095975021 19.2406667217555
29.4482826700831 -5.88894033573925 3.66156369309418 -5.88894033573925 5.48607880471421 9.46276973985464 3.66156369309418 9.46276973985464 -0.53893920372682
21.0078859711853 -4.00712936192898 -2.6946960186341 -4.00712936192898 15.525388157858 4.43684832835569 -2.6946960186341 4.43684832835569 27.5234997996302
14.8951336737655 -4.42431485850157 -6.36879318158239 -4.42431485850157 7.14944930392423 4.8468718421545 -6.36879318158239 4.8468718421545 21.6596264035992
19.3910683600049 -5.48428830902077 -4.20229339251444 -5.48428830902077 3.14769142907558 -0.370632608543029 -4.20229339251444 -0.370632608543029 1.38763416241955
12.0715219652034 -6.64452951837286 -3.68125914572207 -6.64452951837286 -0.746636704166392 7.72061743013306 -3.68125914572207 7.72061743013306 16.8163355528316
24.9093760872011 -8.37772934962722 -6.69645389348275 -8.37772934962722 4.13962604324388 6.33477376340695 -6.69645389348275 6.33477376340695 10.7752030831495
35.5878924029046 -5.28554328704842 -2.61949519950943 -5.28554328704842 17.7903652100654 0.0179049569344459 -2.61949519950943 0.0179049569344459 26.5637941079439
47.3460776217552 -3.76183145192708 -7.12975385129634 -3.76183145192708 9.70269616277621 2.50311297943553 -7.12975385129634 2.50311297943553 8.49232107400767
10.5084192248263 -6.86655098435999 -4.25958925470467 -6.86655098435999 -2.85225963965723 4.97041604500217 -4.25958925470467 4.97041604500217 7.00800014414211
8.10736449991709 -6.15035270698215 -6.02501800844103 -6.15035270698215 8.19151779750898 5.18706602390897 -6.02501800844103 5.18706602390897 8.41174876780267
25.4232483512197 -4.18259793988655 -5.46280236069943 -4.18259793988655 9.68479120584177 3.46460916681528 -5.46280236069943 3.46460916681528 35.2548602039239
33.0077881086509 -5.39118253296165 3.11546250659358 -5.39118253296165 25.0848446651587 3.94625250835187 3.11546250659358 3.94625250835187 18.4671725821875
29.7723623905966 -6.93817081209777 -4.25242727193089 -6.93817081209777 12.2416190560806 2.96685136403768 -4.25242727193089 2.96685136403768 11.9050058657131
24.0427761715739 -5.99816057303936 -3.23363522236092 -5.99816057303936 9.0473747389755 5.63648044296356 -3.23363522236092 5.63648044296356 11.9694637106771
24.6766116470533 -9.43233131306608 -6.72510182457787 -9.43233131306608 1.45925399015734 6.77165471260743 -6.72510182457787 6.77165471260743 15.0312113464673
23.0991849411286 -6.92205635085677 -12.0321310599476 -6.92205635085677 9.41084536474475 4.92565365266606 -12.0321310599476 4.92565365266606 22.1036693355734
40.8233018105366 -6.36342169450206 -0.354518147302028 -6.36342169450206 14.2541362155124 5.82090149938835 -0.354518147302028 5.82090149938835 5.98025561610492
9.24611976094784 -6.89698941114855 -3.84419425382553 -6.89698941114855 -1.39121515380644 1.56847422745746 -3.84419425382553 1.56847422745746 6.38311714712995
3.19782530849203 -7.00979063983556 -4.80389994551183 -7.00979063983556 -0.137868168395233 6.61051010019741 -4.80389994551183 6.61051010019741 14.5209200738356
18.1735312884626 -5.99278908595903 -6.94712329056499 -5.99278908595903 -1.42881556336878 4.6302218632477 -6.94712329056499 4.6302218632477 6.33835475479384
9.13331853226084 -5.15841809281385 -0.0859437932853401 -5.15841809281385 8.61049378977502 6.11096180172637 -0.0859437932853401 6.11096180172637 27.6416725153975
43.2386805009933 -4.89342473018405 -3.82449880119764 -4.89342473018405 15.1923559588773 5.06352182106129 -3.82449880119764 5.06352182106129 28.0964584215324
97.0377046019228 -10.4833522851181 -6.94354229917811 -10.4833522851181 18.433153164012 13.555842895069 -6.94354229917811 13.555842895069 20.7231971559276
17.7832032272916 -4.8110619282856 5.02950240288584 -4.8110619282856 8.15749837933354 10.4743998066508 5.02950240288584 10.4743998066508 5.9193787625278
28.7875897592021 -4.74123259624127 -5.18885651960241 -4.74123259624127 10.5120002162132 5.74928167165057 -5.18885651960241 5.74928167165057 23.3588068166781
41.3156881262338 -5.78151059413257 -4.53711608718858 -5.78151059413257 11.7617662102375 3.79406037440908 -4.53711608718858 3.79406037440908 11.0616823941007
39.6487366356369 -8.5012735524749 -5.80120604676046 -8.5012735524749 5.73316721040957 8.13422193531876 -5.80120604676046 8.13422193531876 11.0043865319104