-27.773736370435 1.93156806252719 5.7223767491169 1.93156806252719 -16.4162012538792 -3.75251768975547 5.7223767491169 -3.75251768975547 -4.92890220360738
-19.2008076347692 0.61052867174593 3.48235343431389 0.61052867174593 -6.49032396340359 -1.58269453581523 3.48235343431389 -1.58269453581523 -3.63339014404895
-24.0233459582815 -0.00425455520380439 3.33557127978264 -0.00425455520380439 -1.52313076296197 4.76510182826091 3.33557127978264 4.76510182826091 -0.893456592798921
-25.3422580714608 1.30189389236414 4.54173768006118 1.30189389236414 -4.66299250336961 2.58464228631117 4.54173768006118 2.58464228631117 -3.53553537436145
-14.1357596646401 4.62044695133156 3.69295391690221 4.62044695133156 1.94858628334241 -2.51656940305029 3.69295391690221 -2.51656940305029 4.45239202078129
-26.9058071088589 2.25704153561823 3.58020820400139 2.25704153561823 -12.397773863886 -1.67416747269703 3.58020820400139 -1.67416747269703 -3.73549946894025
-28.4161742062095 1.31465755797556 3.5844627592052 1.31465755797556 -18.3030964867665 -3.17815273724188 3.5844627592052 -3.17815273724188 -7.73265408291447
-14.9909252606048 4.03119105560466 3.04413424832204 4.03119105560466 -7.45185343946338 -3.87377251306389 3.04413424832204 -3.87377251306389 -5.22246651266988
-15.8056725821333 3.51638987594433 3.44193515987775 3.51638987594433 -2.64633333676633 0.421200965176634 3.44193515987775 0.421200965176634 4.05246383162368
-20.2091372180708 0.010636388009511 2.94202492343073 0.010636388009511 -8.48571035398785 -1.67629475029893 2.94202492343073 -1.67629475029893 -6.18612326633158
-18.4052058116578 4.21839148457205 5.75428591314543 4.21839148457205 -3.71209941531933 -2.58889684151497 5.75428591314543 -2.58889684151497 -3.03349786031253
-22.2853601575274 3.64189925445655 4.01204555718754 3.64189925445655 -13.201884797405 -4.62257422893347 4.01204555718754 -4.62257422893347 -6.57754234508158
-19.8772819121741 1.50185798694295 3.12922535239813 1.50185798694295 -2.01453188900138 1.81669507202447 3.12922535239813 1.81669507202447 -0.672219722201093
-26.8675161120247 2.72504260803671 5.12673902058429 2.72504260803671 -16.6310562916713 -4.40133735833564 5.12673902058429 -4.40133735833564 -6.24355976158294
-11.7744815265286 3.67168114088319 2.53358762386551 3.67168114088319 -4.09713666126362 -2.65484244717394 2.53358762386551 -2.65484244717394 -1.95071356094431
-22.4129968136415 0.227618703403535 2.64633333676633 0.227618703403535 -2.56336951029214 3.16113451642666 2.64633333676633 3.16113451642666 -1.21042095548235
-23.076707425435 2.92713398021742 5.66068569866174 2.92713398021742 -5.56283092897424 -0.248891479422557 5.66068569866174 -0.248891479422557 -4.59491962010874
-10.0471321137841 2.26342336842393 2.59102411911687 2.26342336842393 -0.812620043926638 -0.444601018797558 2.59102411911687 -0.444601018797558 -0.172309485754078
-19.9836457922692 1.89540434329485 2.72504260803671 1.89540434329485 -3.17177090443617 2.73355171844432 2.72504260803671 2.73355171844432 2.38893274693616
-12.3892647534784 1.2636028955299 2.92713398021742 1.2636028955299 0.210600482588317 0.41694640997283 2.92713398021742 0.41694640997283 -0.850911040760877
-33.8449866462639 0.427582797982341 8.38785558430035 0.427582797982341 -24.9189298286823 -5.64579475544842 8.38785558430035 -5.64579475544842 -6.35843275208566
-13.9017591284308 1.34018488919838 1.43378510368208 1.34018488919838 -6.92641587179354 -2.31235075326768 1.43378510368208 -2.31235075326768 -6.02657744618891
-13.4167398351971 3.80144507459922 4.56939228888591 3.80144507459922 1.79329501840355 0.346746249110057 4.56939228888591 0.346746249110057 -2.08473204986415
-26.3676058755777 0.663710611793484 5.82661335161011 0.663710611793484 -17.7861680295042 -4.54599223526499 5.82661335161011 -4.54599223526499 -7.80072696617534
-10.0790412778126 3.0037159738859 2.68887888880437 3.0037159738859 -1.86987701207203 -1.77627679758833 2.68887888880437 -1.77627679758833 -2.81864282252041
-17.0331117584309 3.16751634923237 3.8780270682677 3.16751634923237 -0.580746785319299 -0.497782958845113 3.8780270682677 -0.497782958845113 0.740292605461963
-27.3291353516375 0.429710075584243 4.28220981262912 0.429710075584243 -14.2187234911143 -2.35915086050953 4.28220981262912 -2.35915086050953 -5.97339550614136
-32.060200738268 0.548837621290766 7.69223580847833 0.548837621290766 -23.1001074790559 -5.40966694163728 7.69223580847833 -5.40966694163728 -7.01576153107343
-13.1699756333765 0.599892283736418 1.79967685120926 0.599892283736418 -3.59509914721471 -1.36783949802311 1.79967685120926 -1.36783949802311 -4.28220981262912
-21.3259579590695 0.825383709538051 2.4229691885666 0.825383709538051 -2.57400589830165 3.31004394855981 2.4229691885666 3.31004394855981 0.274418810645383
-15.3504351753262 0.648819668580169 2.46764201820654 0.648819668580169 -0.0468001072418483 2.131532157106 2.46764201820654 2.131532157106 0.323346195489133
-31.2433261391375 0.619037782153538 4.97782958845113 0.619037782153538 -18.7349338399526 -2.83778832093753 4.97782958845113 -2.83778832093753 -5.88617712446337
-11.874463573818 5.03739336130439 3.0079705290897 5.03739336130439 3.51213532074052 -3.3908804974321 3.0079705290897 -3.3908804974321 8.02409111437507
-24.7104566236959 3.13773446280574 3.03775241551633 3.13773446280574 -11.7510814729077 -2.74206082885193 3.03775241551633 -2.74206082885193 -4.4651556863927
-24.967857213526 1.40613049485735 3.80357235220112 1.40613049485735 -9.2111120162365 -0.389291801148101 3.80357235220112 -0.389291801148101 -2.10175027067937
-21.4323218391646 1.66991291749322 2.29533253245247 1.66991291749322 -13.2635758478602 -3.05689791393345 2.29533253245247 -3.05689791393345 -7.59650831639273
-31.5879451106457 0.86367470637229 4.66511978097151 0.86367470637229 -20.2070099404689 -3.05689791393345 4.66511978097151 -3.05689791393345 -6.66263344915767
-19.2156985779825 0.729656217452452 3.46320793589677 0.729656217452452 -3.37598955421878 0.759438103879083 3.46320793589677 0.759438103879083 -0.702001608627724
-26.8100796167733 1.10405707538724 3.46320793589677 1.10405707538724 -5.88830440206527 2.57613317590356 3.46320793589677 2.57613317590356 -3.95460906193618
-13.7719951947148 4.91401126039407 4.90337487238456 4.91401126039407 -1.27423928353941 -3.55468087277857 4.90337487238456 -3.55468087277857 0.412691854769025
-18.2988419315627 0.295691586664405 3.49937165512911 0.295691586664405 -10.591715179871 -3.0037159738859 3.49937165512911 -3.0037159738859 -7.43908977385197
-27.0802438722149 2.35489630530573 4.33113719747287 2.35489630530573 -6.7838882724661 1.44442149169159 4.33113719747287 1.44442149169159 -6.19675965434109
-14.790961166026 2.15067765552312 4.09926393886553 2.15067765552312 2.24427787000681 2.59102411911687 4.09926393886553 2.59102411911687 0.353128081915764
-14.9547615413724 -0.214855037792122 2.23576875959921 -0.214855037792122 -6.23930520637913 -1.68267658310463 2.23576875959921 -1.68267658310463 -6.56903323467397
-17.5691857141102 4.34602814068618 4.85657476514271 4.34602814068618 -0.955147643254085 -0.438219185991852 4.85657476514271 -0.438219185991852 -4.98633869885874
-12.3871374758765 4.62257422893347 4.02268194519705 4.62257422893347 -1.05512969054349 -2.30596892046198 4.02268194519705 -2.30596892046198 3.45682610309106
-25.1529303648915 1.24020284190898 5.16928457262233 1.24020284190898 -12.4084102518955 -2.73780627364812 5.16928457262233 -2.73780627364812 -3.93971811872286
-18.7242974519431 3.86739068025819 2.61229689513589 3.86739068025819 -8.36445553067942 -3.31429850376362 2.61229689513589 -3.31429850376362 -3.74826313455166
-19.8049544737094 0.387164523546199 3.33982583498644 0.387164523546199 1.14234807222148 4.70766533300955 3.33982583498644 4.70766533300955 0.910474813614139
-23.4362173401565 3.60360825762232 4.83742926672559 3.60360825762232 -4.66937433617531 0.24250964661685 4.83742926672559 0.24250964661685 -6.66476072675957