19.6517846928225 -10.221752961086 -9.01930311275464 -10.221752961086 18.9622809930838 -7.32620912229112 -9.01930311275464 -7.32620912229112 11.8813939418587
10.1734319470882 -1.29351637471198 -1.37343189786229 -1.29351637471198 7.84287227196056 2.99218586679064 -1.37343189786229 2.99218586679064 -0.574276666359197
6.88946149577198 -4.40464627595889 -4.28012673988748 -4.40464627595889 -1.92912355883769 1.03704330041564 -4.28012673988748 1.03704330041564 -3.33972546746756
10.3778670063099 -6.81512147423681 -6.40625135579337 -6.81512147423681 17.3398100230787 -1.56857445439211 -6.40625135579337 -1.56857445439211 9.71252381357011
4.31172124903993 -1.61689546838997 -3.17989442116694 -1.61689546838997 1.54813094846994 2.10010560836858 -3.17989442116694 2.10010560836858 -1.12625132625784
-1.46263992370449 -4.30428724688641 -0.700654702968988 -4.30428724688641 -1.76185851038356 0.812164735271745 -0.700654702968988 0.812164735271745 4.30800424796317
5.46399158283508 -1.86035903891766 -4.04223867097493 -1.86035903891766 6.59395991016968 1.64477297646566 -4.04223867097493 1.64477297646566 7.95066530318655
15.0705808657176 -9.17170015690174 -5.75391766682225 -9.17170015690174 17.0350159347845 -4.9863569444716 -5.75391766682225 -4.9863569444716 5.61824712752056
13.4481098957125 -7.57710669497232 -5.91374871312286 -7.57710669497232 11.8981204467041 0.0130095037686549 -5.91374871312286 0.0130095037686549 7.58825769820259
6.87645199200333 -3.70770857406666 -4.31172124903993 -3.70770857406666 -0.840042243347434 0.945976774035053 -4.31172124903993 0.945976774035053 2.40304119612441
6.27615631810682 -5.73719116197683 -4.44739178834161 -5.73719116197683 1.88080254483983 0.499936644824026 -4.44739178834161 0.499936644824026 -2.41047519827792
12.7307286878981 -7.53993668420473 -5.87286170127852 -7.53993668420473 16.5313622888837 -0.503653645900784 -5.87286170127852 -0.503653645900784 17.2673285020819
-2.17444562990376 -4.49757130287785 -2.32498417351248 -4.49757130287785 -4.43809928564972 1.97930307337393 -2.32498417351248 1.97930307337393 3.51070751699846
3.21892293247291 -4.82095039655585 -3.58318903799525 -4.82095039655585 1.73769800338462 1.60760296569808 -3.58318903799525 1.60760296569808 -2.00160507983448
24.848152198131 -11.7773179117095 -9.97457238948159 -11.7773179117095 25.1157762756576 -9.25719118166719 -9.97457238948159 -9.25719118166719 12.686124674977
9.58614577696032 -5.3004435354577 -4.70572336317633 -5.3004435354577 0.808447734194986 0.635607184125713 -4.70572336317633 0.635607184125713 0.0501795145362405
-0.802872232579848 -5.56249211136918 -3.43636749546329 -5.56249211136918 0.120802534994653 0.527814152899715 -3.43636749546329 0.527814152899715 10.0619219147854
4.7447518744823 -4.54589231687571 -2.81748681618299 -4.54589231687571 2.10382260944534 1.66521648238783 -2.81748681618299 1.66521648238783 -3.43450899492491
13.6990074683937 -8.40599793508948 -5.00308344931702 -8.40599793508948 14.2509821282923 -4.09799368712631 -5.00308344931702 -4.09799368712631 3.59434004122552
11.6490813745613 -7.64587121489235 -6.50846888540423 -7.64587121489235 9.18285116013201 -4.04781417259007 -6.50846888540423 -4.04781417259007 11.314551277653
10.1697149460114 -6.31890183048955 -6.38394934933282 -6.31890183048955 8.90965158099026 2.29896516597517 -6.38394934933282 2.29896516597517 15.1579303910214
0.28249208183365 -4.09985218766469 -2.09638860729183 -4.09985218766469 -3.63336855253149 2.29153116382165 -2.09638860729183 2.29153116382165 -2.46808871496768
6.12375927395972 -5.18149950100143 -3.26724394647077 -5.18149950100143 3.63894405414663 -1.03332629933888 -3.26724394647077 -1.03332629933888 7.25930310290946
12.3794720861444 -0.167265048454135 -1.98859557606583 -0.167265048454135 9.01186911060112 3.97533265159328 -1.98859557606583 3.97533265159328 0.193284055991445
15.4701584814691 -7.1124815603775 -6.94893351300012 -7.1124815603775 11.9631679655474 2.95687435656143 -6.94893351300012 2.95687435656143 21.2017741418308
6.67945093493513 -4.80422389171043 -4.82095039655585 -4.80422389171043 1.62432947054349 0.390285113059648 -4.82095039655585 0.390285113059648 5.45098207906642
8.64946150561716 -7.82428726657676 -3.10369589909339 -7.82428726657676 11.6472228740229 -1.66521648238783 -3.10369589909339 -1.66521648238783 0.525955652361336
11.4595143196466 -6.00667374004183 -4.33402325550048 -6.00667374004183 10.4819430364591 1.83619853191873 -4.33402325550048 1.83619853191873 14.2156706180631
6.88946149577198 -4.03294616828303 -4.70944036425309 -4.03294616828303 11.7364308998651 0.947835274573432 -4.70944036425309 0.947835274573432 16.6967688367994
9.66791980064901 -5.54948260760052 -5.02724395631595 -5.54948260760052 12.7363041895132 -0.286209082910409 -5.02724395631595 -0.286209082910409 21.1423021246027
7.19983108568132 -3.92329463651866 -4.48084479803244 -3.92329463651866 4.85254490570829 0.358690603907201 -4.48084479803244 0.358690603907201 13.3105808558724
7.42285115028684 -6.61626191663023 -4.72802536963688 -6.61626191663023 13.3644773714854 0.00371700107675856 -4.72802536963688 0.00371700107675856 14.9181838215705
12.0244984833139 -6.30031682510575 -5.21309401015388 -6.30031682510575 4.67227035348551 0.522238651284577 -5.21309401015388 0.522238651284577 0.834466741732296
8.68105601476961 -7.32620912229112 -4.77634638363475 -7.32620912229112 10.4206125186926 -3.22635693462643 -4.77634638363475 -3.22635693462643 7.45816266051604
3.50884901646008 -5.39522706291504 -1.01288279341671 -5.39522706291504 4.23552272696638 0.187708554376307 -1.01288279341671 0.187708554376307 -2.6911087795732
9.85005285341018 -9.07134112782926 -4.97520594124133 -9.07134112782926 15.1077508764852 -2.88996833717978 -4.97520594124133 -2.88996833717978 6.5828089069394
9.02859561544653 -5.97507923088938 -4.5737698249514 -5.97507923088938 11.1658712345827 0.0985005285341018 -4.5737698249514 0.0985005285341018 1.29723337578874
4.6276663405644 -7.50276667343715 -4.90644142132129 -7.50276667343715 9.01001061006274 -1.74141500446138 -4.90644142132129 -1.74141500446138 11.1082577178929
1.53512144470128 -5.35062304999394 -2.49596622304337 -5.35062304999394 2.02019008521828 -0.732249212121436 -2.49596622304337 -0.732249212121436 7.84473077249893
5.69258714905573 -4.90086591970616 -5.74090816305359 -4.90086591970616 6.94707501246174 -0.388426612521269 -5.74090816305359 -0.388426612521269 13.700865968932
-0.466483635133199 -4.19091871404527 -0.178416051684411 -4.19091871404527 -0.726673710506298 1.10580782033567 -0.178416051684411 1.10580782033567 -0.916240765420984
7.1663780759905 -5.78179517489794 -4.09055968497279 -5.78179517489794 4.00692716074572 -1.73212250176949 -4.09055968497279 -1.73212250176949 10.5469905553024
3.17246041901343 -2.87138333179599 -2.98289336409874 -2.87138333179599 -0.377275609290993 2.13170011752103 -2.98289336409874 2.13170011752103 -4.70944036425309
12.3200000689162 -4.11286169143334 -6.38394934933282 -4.11286169143334 10.5284055499186 3.72071807783532 -6.38394934933282 3.72071807783532 14.386652667594
7.93951429995628 -5.88587120504717 -6.85043298446602 -5.88587120504717 14.5148892047422 -1.57414995600725 -6.85043298446602 -1.57414995600725 15.9831046300618
6.12375927395972 -6.48616687894368 -4.81165789386395 -6.48616687894368 5.9286167174299 1.30838437901901 -4.81165789386395 1.30838437901901 6.43227036333068
6.57351640424751 -7.09575505553208 -4.59978883248871 -7.09575505553208 8.87619857129943 -0.195142556529824 -4.59978883248871 -0.195142556529824 5.0495459627765
12.9946357643479 -1.34927139086336 -4.15374870327769 -1.34927139086336 10.5804435649932 4.27640973881072 -4.15374870327769 4.27640973881072 6.21854280141706
8.56582898139009 -6.23155230518572 -3.85267161606024 -6.23155230518572 7.39869064328791 -2.04806759329396 -3.85267161606024 -2.04806759329396 3.82851110906131
9.0769166294444 -3.65752905953042 -2.16887012828862 -3.65752905953042 8.59556499000416 1.90682155237714 -2.16887012828862 1.90682155237714 4.45296728995675