7.0276887339475 0.570785889997786 -6.13099670486581 0.570785889997786 6.89624592647167 -1.23520227299205 -6.13099670486581 -1.23520227299205 8.33311387668692
8.95071501318295 -2.0184573586357 -5.61963016619271 -2.0184573586357 1.37564801248678 0.592392926843128 -5.61963016619271 0.592392926843128 13.2973305919043
13.2973305919043 -1.07855125586332 -4.83817566695284 -1.07855125586332 -1.14517295280313 2.7639001298 -4.83817566695284 2.7639001298 10.7404978985388
13.4773892322821 -1.12716708876534 -5.70605831357408 -1.12716708876534 12.5374831295097 -0.318703793468795 -5.70605831357408 -0.318703793468795 15.9243861550171
0.880486751447689 -1.3234310067772 -3.20144262591818 -1.3234310067772 -0.817466227315441 1.14697353920691 -3.20144262591818 1.14697353920691 8.65541884296327
-0.889489683466581 -0.975917830847949 -1.53409961601929 -0.975917830847949 -1.92302627923544 1.05334304621042 -1.53409961601929 1.05334304621042 1.11636357034267
27.1060277224816 1.07855125586332 -9.10376485750412 1.07855125586332 21.3693594400433 -5.73126652322698 -9.10376485750412 -5.73126652322698 28.1071537629825
10.958368853396 -1.06954832384443 -4.80216393887727 -1.06954832384443 5.12266831874985 0.37272138558215 -4.80216393887727 0.37272138558215 13.1496825067944
7.43462126120144 -0.498762433846646 -7.75512564107402 -0.498762433846646 9.59532494573565 -2.59824618065238 -7.75512564107402 -2.59824618065238 10.1120932436201
9.49449210712405 -0.136844566687166 -4.07652761815453 -0.136844566687166 11.4877412561069 -2.75849837058867 -4.07652761815453 -2.75849837058867 11.9036767153797
6.53252747290841 -0.833671504949448 -4.70133110026567 -0.833671504949448 6.34886765972301 -0.284492651797004 -4.70133110026567 -0.284492651797004 14.624362771489
-1.83299695904652 -1.15417588482202 -1.58451603532508 -1.15417588482202 -4.5734894655974 1.86360692791075 -1.58451603532508 1.86360692791075 3.20504379872574
6.12379435925069 0.617601136496027 -6.5757415465991 0.617601136496027 -2.7729030618189 0.477155397001304 -6.5757415465991 0.477155397001304 6.76300253259206
7.04389401158151 -0.18005864037785 -7.30858021293695 -0.18005864037785 18.884550202829 -5.4863867723131 -7.30858021293695 -5.4863867723131 12.2890022057883
15.0186911939165 -0.450146600944626 -7.99280304637278 -0.450146600944626 4.89579443187375 -0.657214037379154 -7.99280304637278 -0.657214037379154 20.2800046657573
12.2205799224447 -0.345712589525473 -5.41616390256574 -0.345712589525473 19.9450955946545 -4.57709063840496 -5.41616390256574 -4.57709063840496 18.7152950808738
12.2223805088485 0.875084992236353 -6.33626355489656 0.875084992236353 20.8561923149664 -5.91672692281617 -6.33626355489656 -5.91672692281617 20.6005090456299
7.01508462912105 -0.632005827726255 -8.03601712006347 -0.632005827726255 -0.99932545409707 -0.154850430724951 -8.03601712006347 -0.154850430724951 8.34211680870581
20.3250193258518 0.0432140736906841 -6.67657438521069 0.0432140736906841 12.2673951689429 -2.80711420349069 -6.67657438521069 -2.80711420349069 17.1559872552016
15.8091486251753 -0.181859226781629 -5.23430467578411 -0.181859226781629 6.12019318644314 -1.18298526728248 -5.23430467578411 -1.18298526728248 10.250738396711
3.04659219519323 -2.12649254286241 -4.02251002604118 -2.12649254286241 -6.28764772199454 2.07247495074906 -4.02251002604118 2.07247495074906 8.45915492495141
8.53117838110255 0.381724317601043 -5.74207004164965 0.381724317601043 16.8264799433101 -4.24038098089838 -5.74207004164965 -4.24038098089838 12.6311136225062
4.92820498714177 0.738240425549187 -7.10871512211753 0.738240425549187 -6.74859784136183 0.412334286465277 -7.10871512211753 0.412334286465277 7.73892036344001
5.01823430733069 -0.0504164193057981 -6.9106506177019 -0.0504164193057981 14.2336355218691 -4.49966542304248 -6.9106506177019 -4.49966542304248 12.584298376008
4.8417768397604 0.387126076812378 -6.78100839662985 0.387126076812378 -5.7546741464761 0.621202309303584 -6.78100839662985 0.621202309303584 8.38353029599272
12.63291420891 -0.756246289586972 -7.33558900899363 -0.756246289586972 -0.732838666337851 0.392527836023714 -7.33558900899363 0.392527836023714 17.5143039495535
9.66194664267545 -0.5779882356129 -5.0596477946176 -0.5779882356129 14.7882161342329 -3.41391182156404 -5.0596477946176 -3.41391182156404 14.7179932644855
3.05019336800079 -0.831870918545669 -1.98964797617525 -0.831870918545669 3.56696166588522 -0.270087960566776 -1.98964797617525 -0.270087960566776 4.40783551644978
15.1213246189319 -1.17938409447492 -4.9083985367002 -1.17938409447492 -1.90502041519766 3.38690302550737 -4.9083985367002 3.38690302550737 9.25321352901773
7.06009928921552 0.111636357034267 -3.33108484699023 0.111636357034267 13.0974655010848 -2.32635763368183 -3.33108484699023 -2.32635763368183 11.9180814066099
10.1517061445032 0.30069792943101 -5.16948356524809 0.30069792943101 14.226433176254 -2.42538988588965 -5.16948356524809 -2.42538988588965 16.0666324809156
12.3106092426336 -0.297096756623453 -4.64191174894099 -0.297096756623453 3.8028384847802 -0.668017555801825 -4.64191174894099 -0.668017555801825 8.84808158816757
15.0943158228752 0.320504379872574 -6.27684420357187 0.320504379872574 11.5813717491033 -3.17083265705395 -6.27684420357187 -3.17083265705395 18.8233302651005
8.9381109083565 -0.583389994824235 -4.5734894655974 -0.583389994824235 14.0823862639517 -2.61265087188261 -4.5734894655974 -2.61265087188261 16.5383861187056
9.42426923737669 -0.660815210186711 -6.19401722899805 -0.660815210186711 -0.732838666337851 0.428539564099284 -6.19401722899805 0.428539564099284 15.5624682878576
7.50844530375636 -0.612199377284692 -5.06504955382893 -0.612199377284692 4.63290881692209 -0.351114348736808 -5.06504955382893 -0.351114348736808 14.9448671513616
15.1051193412979 0.520369470691988 -7.70290863536444 0.520369470691988 15.1015181684903 -3.63178277642124 -7.70290863536444 -3.63178277642124 22.1094004519963
12.836380472537 -1.02093249094241 -6.26063892593786 -1.02093249094241 13.2091018581191 -2.51361861967479 -6.26063892593786 -2.51361861967479 17.4404799069986
-1.08575360147844 -1.68174770112912 -2.55683269336548 -1.68174770112912 -8.07743060735037 2.40918460825564 -2.55683269336548 2.40918460825564 4.45465076294802
3.66239274528548 0.687824006243389 -7.31038079934073 0.687824006243389 -5.16408180603675 -0.320504379872574 -7.31038079934073 -0.320504379872574 9.38285575008979
4.95701436960222 0.72203514791518 -5.60342488855871 0.72203514791518 0.743642184760522 -0.507765365865538 -5.60342488855871 -0.507765365865538 11.0862104880643
15.31578795054 0.749043943971858 -6.45690284394972 0.749043943971858 15.6867087497183 -4.50506718225382 -6.45690284394972 -4.50506718225382 19.0754123616295
14.6459698083344 -1.3486392164301 -5.17128415165186 -1.3486392164301 2.66846905039974 2.55683269336548 -5.17128415165186 2.55683269336548 10.5820462950063
1.26041048264495 -0.680621660628275 -1.62232834980443 -0.680621660628275 3.70020505976483 0.0702228697473617 -1.62232834980443 0.0702228697473617 6.08238087196379
5.83389994824235 -0.208868022838306 -7.78933678274581 -0.208868022838306 -6.2156242658434 0.684222833435832 -7.78933678274581 0.684222833435832 7.54265644542815
31.9135934205702 2.17690896216821 -10.8557354283806 2.17690896216821 26.8827550084131 -7.76772974590047 -10.8557354283806 -7.76772974590047 34.5676577797397
7.5642634822735 0.653612864571597 -5.18929001568965 0.653612864571597 12.6617235913704 -3.50394114175297 -5.18929001568965 -3.50394114175297 15.6723040584881
-1.85460399589186 -1.14697353920691 -2.09768316040196 -1.14697353920691 -3.47333117288873 1.45667440065681 -2.09768316040196 1.45667440065681 2.88453941885316
3.43551885840939 0.37272138558215 -7.06370046202307 0.37272138558215 2.34436349771961 -1.78978288535583 -7.06370046202307 -1.78978288535583 11.1600345306192
11.9738995851271 -0.275489719778111 -5.01103196171558 -0.275489719778111 5.75827531928366 -1.27121400106762 -5.01103196171558 -1.27121400106762 12.7931663988463