-4.90994046357278 -4.11641473208627 -3.75478191174737 -4.11641473208627 -2.74634296131659 0.355433400561666 -3.75478191174737 0.355433400561666 3.1885682387596
-7.2034250799993 4.94802576108125 1.4783471543388 4.94802576108125 -2.66015908152618 -1.75756645581714 1.4783471543388 -1.75756645581714 -4.81166284640578
-4.57796953195911 2.38926887401809 -2.76282717646163 2.38926887401809 -5.12201081806816 -0.732073988681304 -2.76282717646163 -0.732073988681304 -4.38492262398493
-1.07465526211684 2.95943526029098 -3.06690078650267 2.95943526029098 -5.58269631038131 4.5383518377088 -3.06690078650267 4.5383518377088 -5.77833867861284
-7.20257550389826 -1.16615606279235 -4.47720631250633 -1.16615606279235 -8.83207035949649 4.95095721301572 -4.47720631250633 4.95095721301572 -1.69457052874513
-0.478366548703977 -3.27769672260132 -1.10100237400122 -3.27769672260132 -6.51236576621869 2.52850890029245 -1.10100237400122 2.52850890029245 -1.4097892467096
2.29788370312905 -0.0608710914736173 0.0481896140832804 -0.0608710914736173 -2.92942127716783 5.57477746079212 0.0481896140832804 5.57477746079212 3.00551014150986
-6.51107372392435 -3.15138104767462 -0.755797319060948 -3.15138104767462 -1.49557066669304 -2.97511736195723 -0.755797319060948 -2.97511736195723 -5.96625869534331
1.89909963520736 -5.04547890179606 -3.76634340556607 -5.04547890179606 -8.3805429063344 1.2129733153905 -3.76634340556607 1.2129733153905 9.29211073123393
2.85940688383966 1.9080042297621 -5.61483533553969 1.9080042297621 -4.38269091468515 -1.93919775940399 -5.61483533553969 -1.93919775940399 -2.42789639046022
-6.70113572410675 -1.57977467763996 -0.978324514420823 -1.57977467763996 1.95923036001426 3.86683409657624 -0.978324514420823 3.86683409657624 2.07022760043668
1.14574760636766 -1.96413875377313 4.7625084836112 -1.96413875377313 -10.9004420891522 0.939829833794671 4.7625084836112 0.939829833794671 -1.28038614997308
11.0235848111956 -2.64743517156173 -2.33191217159907 -2.64743517156173 8.18387781153161 -2.14457039037124 -2.33191217159907 -2.14457039037124 10.5971357565586
7.58634599004905 1.54986893678715 -1.88139170401435 1.54986893678715 -14.5345106531857 -5.59168400723207 -1.88139170401435 -5.59168400723207 2.28198171441388
-0.49486096230976 1.21730504097588 -3.88479086989694 1.21730504097588 -8.0871395765702 2.23613643396656 -3.88479086989694 2.23613643396656 -1.91857859719025
6.28136225893626 -0.922420520702056 1.15735336109534 -0.922420520702056 3.87515537785556 5.59140160136019 1.15735336109534 5.59140160136019 6.31845691794572
11.0263455421773 2.13320490361327 -2.05487424619785 2.13320490361327 1.3133440226652 1.78855001098542 -2.05487424619785 1.78855001098542 -3.86692345440789
2.09897581571752 2.75091105689653 0.130387048235802 2.75091105689653 -0.511321757787459 -0.0485755669898086 0.130387048235802 -0.0485755669898086 -0.247991052526918
-5.63162634884483 0.157509952902125 -2.91780732425248 0.157509952902125 2.71123689421691 0.351169731060475 -2.91780732425248 0.351169731060475 -2.59762315769734
6.33506536875916 -3.68468087774768 -0.0770749711269757 -3.68468087774768 4.00789849860274 -0.810530341528841 -0.0770749711269757 -0.810530341528841 5.64387691800757
0.786279160108476 -1.0921948461957 -4.65699746919554 -1.0921948461957 4.44462624910193 -8.01195710091241 -4.65699746919554 -8.01195710091241 4.19433159684875
-9.16809398447513 -1.31970870225298 0.817701862572436 -1.31970870225298 3.38725233578266 -0.86945514501373 0.817701862572436 -0.86945514501373 0.520120488534999
-1.85651537422741 -1.27238604991509 -2.23746928138762 -1.27238604991509 1.73968950936495 -2.29080282839005 -2.23746928138762 -2.29080282839005 0.967622924186927
12.3338863694993 -0.391337751329846 -0.358951178805997 -0.391337751329846 0.48579858785774 -2.20228693162176 -0.358951178805997 -2.20228693162176 -6.12645996909484
1.09841526305959 -1.21487374878157 3.35082824827334 -1.21487374878157 -1.54836850334906 -0.733159103295194 3.35082824827334 -0.733159103295194 0.913140399410981
1.70619846849617 -3.65463499116156 -0.508173309289756 -3.65463499116156 -4.11541389854864 -1.64563895495387 -0.508173309289756 -1.64563895495387 -5.92166721550601
-16.0767380203882 -2.24199407767318 -1.21864486451922 -2.24199407767318 1.41914839992089 1.67173077568663 -1.21864486451922 1.67173077568663 -3.50490595650187
7.59124152590056 7.7516736681789 -0.170618310042046 7.7516736681789 7.15832939594313 -0.965139395610974 -0.170618310042046 -0.965139395610974 6.66430025940348
-6.53733712428357 -1.40699962021249 -4.01516002731007 -1.40699962021249 3.13969359695564 -0.625333164538882 -4.01516002731007 -0.625333164538882 0.599277616016429
5.47063163603126 3.49301011806124 1.58367300841423 3.49301011806124 7.64260108538212 1.9224687266322 1.58367300841423 1.9224687266322 -0.866686721022714
0.167067840230671 -0.996838113376335 1.13049238556087 -0.996838113376335 2.43640600336395 2.15517513897565 1.13049238556087 2.15517513897565 3.68384587708629
-7.79059988411229 6.86553203589733 -0.664151275641508 6.86553203589733 -3.01503594973764 -1.98191174318418 -0.664151275641508 -1.98191174318418 -0.616711898809972
-6.70859098518504 4.3360091331173 -4.48783378525612 4.3360091331173 -5.84138915856158 0.594432112611332 -4.48783378525612 0.594432112611332 3.27066326895673
-2.22955426475337 -1.62576820415423 -2.66012301288554 -1.62576820415423 -2.51412556380624 -0.913102690004433 -2.66012301288554 -0.913102690004433 -6.5005982835817
1.58893614029439 -0.503860012909144 -3.17787228058879 -0.503860012909144 2.08443333141252 1.71228776171199 -3.17787228058879 1.71228776171199 0.351238515222972
1.1155773641541 1.65241623657568 3.24460177039186 1.65241623657568 5.37886362904349 -0.225210453796368 3.24460177039186 -0.225210453796368 4.58538958834233
-1.640845834249 -1.03091941025406 0.03901886214109 -1.03091941025406 1.87701263141875 -3.88545721952328 0.03901886214109 -3.88545721952328 1.936567736792
-0.428969459565508 0.49977024415399 1.56386438899853 0.49977024415399 -0.25613225012892 1.26816699454075 1.56386438899853 1.26816699454075 2.82370187947004
4.8413532685496 -3.38996652025178 -2.20154169685624 -3.38996652025178 -1.61038698195966 -0.311885073721301 -2.20154169685624 -0.311885073721301 -0.474962236451392
5.73479377102134 2.4939227410397 -1.32927310630786 2.4939227410397 -5.24092335629328 1.37350030762679 -1.32927310630786 1.37350030762679 -6.08124018135296
1.3406017034873 -3.39474947495977 -0.605433027381361 -3.39474947495977 3.73350366885172 -2.30881404489479 -0.605433027381361 -2.30881404489479 2.86139180798095
4.09111667052215 1.88128089608187 -4.02783943469016 1.88128089608187 4.4391414675981 1.60870203403637 -4.02783943469016 1.60870203403637 5.21307073662014
10.1510621978983 -0.00725767078019419 2.48454263041981 -0.00725767078019419 3.04338328049476 1.73942176365321 2.48454263041981 1.73942176365321 5.68517544448545
2.01139680886126 -1.36427274550614 -3.10281500526617 -1.36427274550614 4.76891800420287 -2.63437445194194 -3.10281500526617 -2.63437445194194 -9.96039836320852
7.26661702245611 2.13358208822609 4.84839786192183 2.13358208822609 13.4712268171405 -0.272677531454903 4.84839786192183 -0.272677531454903 13.3611990412903
2.82546545735363 5.52090949543082 2.33038389933946 5.52090949543082 1.84030316514361 -0.427570436466789 2.33038389933946 -0.427570436466789 1.78779451505119
-0.313709371689669 -1.91321439181791 1.94004479860716 -1.91321439181791 -4.67468241366513 -0.598524459144763 1.94004479860716 -0.598524459144763 4.75310975658755
2.85515322097573 -3.06436703458171 2.8325909469594 -3.06436703458171 4.14120283990661 -0.168191497212651 2.8325909469594 -0.168191497212651 2.86745991589373
1.9558260484091 -0.410682808501704 1.89280046888656 -0.410682808501704 -4.15562208206674 0.979946107414956 1.89280046888656 0.979946107414956 4.1352912499627
9.71439236551073 0.156323555307069 0.279149205905481 0.156323555307069 16.346977497825 2.76357713846426 0.279149205905481 2.76357713846426 19.4138967733732
22.9390191933811 -4.31432924737552 -0.249116530537081 -4.31432924737552 9.65095892376987 0.383823987790465 -0.249116530537081 0.383823987790465 25.8103178712752
18.3589115517129 -0.0881647944140705 1.39938163048716 -0.0881647944140705 21.3827764154466 6.49980877967563 1.39938163048716 6.49980877967563 18.1581959559192
11.362636717992 -2.81641254884455 5.08133310635559 -2.81641254884455 12.31158328239 -1.03452290788078 5.08133310635559 -1.03452290788078 19.7662336480015
7.02280046139856 -2.98722652049858 2.66220124499779 -2.98722652049858 17.7937247645548 2.13614877597918 2.66220124499779 2.13614877597918 28.3147741449271
13.119923042627 -3.72498898696173 1.50326527565428 -3.72498898696173 12.8033463704527 2.14210562608995 1.50326527565428 2.14210562608995 9.92192995305735
16.3951579324057 -2.60140334268994 1.64812971159384 -2.60140334268994 16.7378004624583 -0.849906610856756 1.64812971159384 -0.849906610856756 6.96196023352708
14.2120579222509 -6.32870142834845 0.496330871860101 -6.32870142834845 12.8157652360453 2.24797328733524 0.496330871860101 2.24797328733524 3.75434713967329
6.28909125960878 4.32484310901734 -0.0155430120719401 4.32484310901734 2.00893431029826 1.11132536314372 -0.0155430120719401 1.11132536314372 16.2832480218663
13.7949251379191 -2.58921273917412 5.35449935824912 -2.58921273917412 13.6596262617847 2.45206045377763 5.35449935824912 2.45206045377763 14.4491786074455
10.573329835628 -2.14121782680251 0.19913894757685 -2.14121782680251 17.8144012818033 -1.7467330544598 0.19913894757685 -1.7467330544598 6.0936517958516
19.7609194011764 -4.09321369763563 0.7404995689359 -4.09321369763563 14.454626007696 2.01869857360666 0.7404995689359 2.01869857360666 19.1841483801459
10.2977750054677 2.40144191541936 2.61316087612572 2.40144191541936 14.6203704532225 0.0940973158694933 2.61316087612572 0.0940973158694933 8.96865041881108
13.1168801263612 -2.94765658012034 -0.596047591948911 -2.94765658012034 9.16303388137538 -0.001916551742601 -0.596047591948911 -0.001916551742601 18.6997953525579
23.4077016744013 -0.802060303547351 -4.76563986185416 -0.802060303547351 9.96735134505446 -1.27901363939468 -4.76563986185416 -1.27901363939468 15.7005251167704
14.3285331861454 -4.81964907329782 3.16773797915574 -4.81964907329782 15.7838782004353 -2.67065260414503 3.16773797915574 -2.67065260414503 13.4931273467738
13.0262153234777 -2.04902517979386 -2.19053244359178 -2.04902517979386 13.6394134666021 0.720743663610732 -2.19053244359178 0.720743663610732 15.7978709303996
16.6190043847614 -3.61401101906446 5.25373722416206 -3.61401101906446 5.05339108047872 4.53015697707272 5.25373722416206 4.53015697707272 11.3205296722041
19.250001840336 -3.63267366254985 -0.111831923936886 -3.63267366254985 12.8849015029282 1.99433597687447 -0.111831923936886 1.99433597687447 21.3617613373442
7.62882821129773 -1.50197595597696 2.52210996097607 -1.50197595597696 11.0198665441209 -0.0403215021738781 2.52210996097607 -0.0403215021738781 3.35878113108404
19.2528229961755 -1.95624161297824 0.154796566803421 -1.95624161297824 12.2811726187664 -3.80993050044921 0.154796566803421 -3.80993050044921 8.80405473694459
-1.05160603143898 -5.23242926129846 4.43092428977099 -5.23242926129846 5.73066208143715 -1.24459740050456 4.43092428977099 -1.24459740050456 3.87558177878636
21.8923372080898 -2.71432394680816 3.15498499683568 -2.71432394680816 18.3707518419035 1.72931689380547 3.15498499683568 1.72931689380547 29.6798177812652