0.231782674363287 0.354982474250079 1.97954932699456 0.354982474250079 1.94196294736808 0.797666500961942 1.97954932699456 0.797666500961942 -2.60181272303293
-1.23267611502407 -2.02191428767974 1.16351606896661 -2.02191428767974 5.72197675175364 -3.6593800840401 1.16351606896661 -3.6593800840401 3.96246381529189
-4.88346150763865 -0.728506267890469 1.05777463755848 -0.728506267890469 -3.75777526883615 -1.09481732914613 1.05777463755848 -1.09481732914613 8.03414821989941
-9.31379613971606 -0.0992809715092985 1.6133157870261 -0.0992809715092985 -2.55648501636444 -0.616369364786895 1.6133157870261 -0.616369364786895 7.41918426674695
-5.01646137079213 -1.52674911284978 2.70697305989921 -1.52674911284978 2.32171861086235 -0.937656330989183 2.70697305989921 -0.937656330989183 6.09272776810145
2.50481049938075 -1.38621816451539 3.24496318450661 -1.38621816451539 -3.72167169357073 -0.505980084182088 3.24496318450661 -0.505980084182088 -8.71665690477324
-9.3823615747057 4.13102356372968 -0.678714771923992 4.13102356372968 -3.27827936310723 1.01807215788599 -0.678714771923992 1.01807215788599 -6.86111022643676
9.71822311642989 -1.77690381156309 -0.462955479553193 -1.77690381156309 9.44352339204771 1.01619688250473 -0.462955479553193 1.01619688250473 14.6935537888065
2.08987824276723 -1.54914051561767 -6.89805965444848 -1.54914051561767 -2.15042416588436 0.578317955291232 -6.89805965444848 0.578317955291232 -1.35288821310007
-7.37198235276735 0.864154226590674 -1.47226275641374 0.864154226590674 -9.2133776553544 0.433143970365202 -1.47226275641374 0.433143970365202 -3.74466831522625
7.47792812168406 -2.65110968346073 6.93828382424294 -2.65110968346073 2.31704416599718 -2.98945809217381 6.93828382424294 -2.98945809217381 -3.82248044020792
6.44655506666342 2.44235020847848 0.142519236785715 2.44235020847848 3.32675040387476 -4.75584740835617 0.142519236785715 -4.75584740835617 19.2498585576321
-4.24584871869199 -0.428957742055199 -2.57791109060357 -0.428957742055199 2.84653025917212 -2.22183451831503 -2.57791109060357 -2.22183451831503 2.11563624236933
-6.87222257473908 1.29979833352343 2.73196344224708 1.29979833352343 -7.77709052979629 2.76017275499467 2.73196344224708 2.76017275499467 1.72510797187167
0.822830676860378 2.98303258576823 -2.2275046819492 2.98303258576823 -6.17665771944004 -0.223618891072873 -2.2275046819492 -0.223618891072873 2.77026898066977
4.9923588706024 -1.58527918718032 -2.93990122998669 -1.58527918718032 8.93894170527204 -2.09741623655301 -2.93990122998669 -2.09741623655301 6.30202231747147
-6.21944722867387 1.31798624941771 1.84390321808681 1.31798624941771 -5.61049073863596 1.10293518125747 1.84390321808681 1.10293518125747 -7.8461701601038
-9.61429786526842 4.48843078209376 1.98044864577203 4.48843078209376 -9.0208226884 1.80460414892212 1.98044864577203 1.80460414892212 -9.29338165851735
-9.52888500052351 -2.90789624929868 -1.58413610571275 -2.90789624929868 -1.30406784392928 0.273504161897919 -1.58413610571275 0.273504161897919 -14.8764383739516
6.33773889368024 0.0236851033086773 1.853359333904 0.0236851033086773 -1.22175657900594 3.17577760197182 1.853359333904 3.17577760197182 5.41401986464183
-1.78380081101269 1.44515906091717 -2.72638963134225 1.44515906091717 -3.75741355838465 -1.62202927434285 -2.72638963134225 -1.62202927434285 5.40316932477241
6.47999180715213 -3.06283208679109 -3.3911356568785 -3.06283208679109 9.00232411392126 -2.83862477063383 -3.3911356568785 -2.83862477063383 8.72807052183605
-8.30934908727893 2.79641555821887 0.220258213851988 2.79641555821887 -6.7329912822598 -1.03866863590987 0.220258213851988 -1.03866863590987 -0.537689169109265
-1.55543909925383 1.4164054367507 -0.716892322281795 1.4164054367507 -7.60123101716364 0.629996283217335 -0.716892322281795 0.629996283217335 -3.68004725437988
7.00935858325681 0.263750094923004 -0.699337372901905 0.263750094923004 0.421600530520863 2.27384551532105 -0.699337372901905 2.27384551532105 11.7568602918709
3.15900681873689 -4.84540894082034 -3.42475502043961 -4.84540894082034 7.18719008665186 -0.501524801709652 -3.42475502043961 -0.501524801709652 5.59869519677468
1.79629799496804 -5.89841121373264 3.75044642553393 -5.89841121373264 8.234198039225 2.41571109668115 3.75044642553393 2.41571109668115 4.47575918657219
9.74876297825255 1.07697955426893 -0.193816357632814 1.07697955426893 15.854977297076 5.77652670016973 -0.193816357632814 5.77652670016973 12.4601938783322
0.199810677971973 -3.93627035604786 2.27983983566021 -3.93627035604786 2.50562590176854 1.25481105766399 2.27983983566021 1.25481105766399 4.27594850860022
1.80429042208691 -0.0199810677971973 0.329687618653755 -0.0199810677971973 10.9356384054061 0.561468005101244 0.329687618653755 0.561468005101244 5.08917796794615
6.29203824933742 0.191818250853094 2.623514201772 0.191818250853094 7.22515411546654 0.0499526694929932 2.623514201772 0.0499526694929932 5.42086369337962