-3.97336726634724 -1.38204078829469 -1.20722908144194 -1.38204078829469 3.30908278030678 1.06943632427565 -1.20722908144194 1.06943632427565 4.46284004553494
-15.6240533760041 -4.316820855105 -1.72960759368428 -4.316820855105 -5.23818138063479 1.7748529766344 -1.72960759368428 1.7748529766344 -4.18108470625462
-10.6964198510725 3.05611995744927 -3.31730921357044 3.05611995744927 2.45353372088626 0.4051518382352 -3.31730921357044 0.4051518382352 4.31887746342091
-2.74351549343024 1.03036076627327 -3.16306358987684 1.03036076627327 8.11948963123131 0.00822643326365888 -3.16306358987684 0.00822643326365888 2.92449702523073
-4.39085875447793 0.816473501418144 -0.619039103090331 0.816473501418144 -5.66801251866097 0.341396980441843 -0.619039103090331 0.341396980441843 0.294094989175805
-24.2700347361096 -8.79405715885134 -1.82421157621636 -8.79405715885134 -2.9759122331286 3.39957354620703 -1.82421157621636 3.39957354620703 -3.93634831666077
-1.60209787809757 0.896681225738818 -1.1599270901759 0.896681225738818 -1.22368194796926 0.738322385413384 -1.1599270901759 0.738322385413384 3.56821542811204
-13.674388692517 -0.429831138026176 -2.35481652172235 -0.429831138026176 4.1502355815159 2.42679781277937 -2.35481652172235 2.42679781277937 0.191264573380069
-7.2927330882336 5.91686212488665 -1.72755098536836 5.91686212488665 0.968662516795833 0.99334181658681 -1.72755098536836 0.99334181658681 1.27921037249896
-17.8020015825578 -5.20321903926424 -3.0314406576583 -5.20321903926424 1.62883378620446 3.67927227717143 -3.0314406576583 3.67927227717143 0.849379234472779
-9.61464387690132 -0.146019190429945 -2.54402448678651 -0.146019190429945 2.86279877575329 2.48438284562498 -2.54402448678651 2.48438284562498 2.18617463981735
-13.8018984081037 1.55273927851561 -3.27823365556806 1.55273927851561 6.33435361301734 1.22368194796926 -3.27823365556806 1.22368194796926 2.27872201403351
-12.7715376418304 3.49829074537094 -2.35070330509052 3.49829074537094 6.65312790198412 1.04887024111651 -2.35070330509052 1.04887024111651 -0.281755339280317
-13.1890291299611 2.68387385226871 -2.26021253919028 2.68387385226871 8.33337689608645 1.33885201366048 -2.26021253919028 1.33885201366048 1.27921037249896
-7.06444956516706 -0.477133129292215 -3.19802593124739 -0.477133129292215 8.20998039713156 1.49515424567 -3.19802593124739 1.49515424567 2.86279877575329
-12.1463287137923 1.58975822820208 -1.02830415795736 1.58975822820208 7.20224232233335 2.33836365519504 -1.02830415795736 2.33836365519504 0.269415689384828
-9.57762492721485 2.74968531837798 -1.57536196999068 2.74968531837798 -0.314661072334952 0.654001444460881 -1.57536196999068 0.654001444460881 -0.777397943415764
-5.38625717938065 4.05357499066791 -0.329057330546355 4.05357499066791 -1.75634350179117 1.46430512093128 -0.329057330546355 1.46430512093128 1.33473879702865
-10.3406266124192 -3.6607628023282 -1.79541905979355 -3.6607628023282 -6.45775011197222 1.88796643400971 -1.79541905979355 1.88796643400971 -4.69935000186513
-8.08247068154485 -1.71109811884105 -1.25864428933981 -1.71109811884105 7.77397943415764 1.9558345084349 -1.25864428933981 1.9558345084349 4.27980190541853
-8.76115142579671 -4.39908518774159 -0.962492691848089 -4.39908518774159 -8.02694225701515 2.26843897245394 -0.962492691848089 2.26843897245394 -1.40260687145384
-5.42944595401486 2.11624995707625 -2.58104343647297 2.11624995707625 -3.94457474992443 0.785624376679423 -2.58104343647297 0.785624376679423 4.56772706964659
-22.6185782584301 -8.89071774969933 -1.62266396125671 -8.89071774969933 -3.88698971707882 3.52502665347783 -1.62266396125671 3.52502665347783 -3.79855555949449
-5.04486019893881 -0.00205660831591472 -0.781511160047593 -0.00205660831591472 -4.79806720102904 1.48692781240634 -0.781511160047593 1.48692781240634 4.09882037361804
-10.2707019296781 -0.197434398327813 -0.857605667736438 -0.197434398327813 6.07522096521208 2.67976063563688 -0.857605667736438 2.67976063563688 2.93272345849439
-0.822643326365888 4.81246345924044 -1.35324827187189 4.81246345924044 -0.051415207897868 0.174811706852751 -1.35324827187189 0.174811706852751 1.85711730927099
-16.9320562649259 -6.96984558263498 -1.03241737458919 -6.96984558263498 -6.72716580135705 2.85457234248963 -1.03241737458919 2.85457234248963 -3.2000825395633
-9.24034116340484 2.12447639033991 -0.267359081068914 2.12447639033991 0.715699693938322 2.41034494625205 -0.267359081068914 2.41034494625205 1.64117343609995
-20.6874230497862 -8.40535818714346 -1.4252295629289 -8.40535818714346 -8.28607490482041 3.74097052664888 -1.4252295629289 3.74097052664888 -5.92508855815031
-3.26589400567258 4.220160264257 -1.54039962862013 4.220160264257 -1.82009835958453 0.629322144669904 -1.54039962862013 0.629322144669904 2.46381676246583
-18.8508718236743 -4.08236750709072 -3.49006431210728 -4.08236750709072 3.49417752873911 2.82783643438274 -3.49006431210728 2.82783643438274 2.33630704687912
-3.48183787884362 -1.23807820618066 -0.0287925164228061 -1.23807820618066 -7.80071534226453 2.26638236413802 -0.0287925164228061 2.26638236413802 1.32239914713316
-10.5360044024311 1.31622932218542 -1.5794751866225 1.31622932218542 2.556364136682 1.36147470513554 -1.5794751866225 1.36147470513554 3.07051621566068
-9.29586958793453 -0.300264814123549 -0.958379475216259 -0.300264814123549 3.44893214578898 1.37792757166286 -0.958379475216259 1.37792757166286 1.47047494587902
-5.09010558188893 -1.89207965064154 -1.84272105105959 -1.89207965064154 -6.20478728911471 1.72343776873654 -1.84272105105959 1.72343776873654 1.29771984734219
-9.70102142616973 -1.10645527396212 -0.999511641534554 -1.10645527396212 -2.46998658741358 2.64891151089816 -0.999511641534554 2.64891151089816 -0.213887264855131
-1.76662654337074 -0.168641881905007 -1.80775870968904 -0.168641881905007 -8.35599958756151 1.54039962862013 -1.80775870968904 1.54039962862013 3.09313890713574
-12.5967259349777 -4.07208446551115 -2.23347663108339 -4.07208446551115 -4.00832960771779 3.21653540609062 -2.23347663108339 3.21653540609062 0.320830897282696
-12.7982735499373 -5.38214396274882 -1.51366372051323 -5.38214396274882 -8.05573477343796 2.68387385226871 -1.51366372051323 2.68387385226871 -5.55078584465383
-0.962492691848089 -0.991285208270895 -0.0802077243206741 -0.991285208270895 -8.69739656800335 1.83243800948002 -0.0802077243206741 1.83243800948002 3.36461120483648
-5.12301131494357 -2.24170306434704 -1.64734326104769 -2.24170306434704 -8.37862227903657 2.33013722193138 -1.64734326104769 2.33013722193138 1.24424803112841
-4.21810365594109 -1.03241737458919 -0.725982735517896 -1.03241737458919 -2.81755339280317 0.415434879814773 -0.725982735517896 0.415434879814773 2.46381676246583
-15.6240533760041 -1.56919214504293 -3.61551741937808 -1.56919214504293 1.4108333047175 1.50132407061775 -3.61551741937808 1.50132407061775 3.75948000149211
0.483302954239959 3.56204560316429 -2.54608109510242 3.56204560316429 4.04329194908834 -0.592303194983439 -2.54608109510242 -0.592303194983439 2.51934518699553
-21.8452935316462 -6.66135433524778 -1.65145647767952 -6.66135433524778 -4.1769714896228 2.46792997909766 -1.65145647767952 2.46792997909766 -4.06797124887932
-26.6659834241503 -11.3545345121652 -1.86740035085057 -11.3545345121652 -6.45363689534039 4.90501083345661 -1.86740035085057 4.90501083345661 -5.51993671991511
-11.1365340306782 4.43816074574397 -1.31005949723768 4.43816074574397 5.12301131494357 1.98257041654179 -1.31005949723768 1.98257041654179 0.195377790011898
-28.5107610835258 -12.6974997424575 -2.22319358950381 -12.6974997424575 -5.0571998488343 5.53844619475834 -2.22319358950381 5.53844619475834 -5.13329435652314
-1.46430512093128 -0.775341335099849 -0.361963063600991 -0.775341335099849 -6.45569350365631 0.158358840325433 -0.361963063600991 0.158358840325433 1.93938164190758
-9.36373766235972 -0.512095470662765 -3.07051621566068 -0.512095470662765 -2.33013722193138 1.17843656501913 -3.07051621566068 1.17843656501913 3.54559273663698