-0.958104990063178 -0.276883552174221 3.11164372919601 -0.276883552174221 0.360388115528351 5.33550210062705 3.11164372919601 5.33550210062705 -1.12950909379008
-31.1933493897862 -4.70921787547108 0.722973719566022 -4.70921787547108 -15.2461752776567 2.25682069907083 0.722973719566022 2.25682069907083 -19.9202333369787
-8.00105566243126 4.1400683515574 -0.408732862733374 4.1400683515574 2.66115858478557 1.84808783633746 -0.408732862733374 1.84808783633746 9.09979991709087
-17.4502562525039 4.79931490435316 -3.0874713555935 4.79931490435316 2.73147821708378 1.55142688757937 -3.0874713555935 1.55142688757937 -6.99680341367238
-3.55333891956917 2.67434351584148 2.47656955000275 2.67434351584148 1.63712893944281 2.03926933664823 2.47656955000275 2.03926933664823 -1.38441776087111
-27.4861862745647 -3.7621003279545 1.349257944722 -3.7621003279545 -13.2948054813812 2.35790517049952 1.349257944722 2.35790517049952 -12.508104595045
-20.0410952049912 5.42999410652778 -0.775713443789683 5.42999410652778 -1.61735154285894 0.692208880435553 -0.775713443789683 0.692208880435553 -5.14212311180696
-12.3235155602622 3.84120991428999 2.65676360776693 3.84120991428999 -0.0878995403727686 1.66349880155465 2.65676360776693 1.66349880155465 7.38136390280324
-37.6715455152593 -9.12177480218406 0.997659783230923 -9.12177480218406 -24.383332499406 5.50251122733531 0.997659783230923 5.50251122733531 -26.9895538714586
-17.691979988529 7.12206025870357 -2.23704330248696 7.12206025870357 -2.66555356180421 0.217551362422602 -2.23704330248696 0.217551362422602 -8.63832733013383
-19.4521682844937 0.430707747826566 -1.40419515745498 0.430707747826566 -0.742751116149895 2.82597022298451 -1.40419515745498 2.82597022298451 -10.0205476024956
-21.6452618167943 -1.26135840434923 -0.573544500932315 -1.26135840434923 -5.9815637223669 1.35365292174064 -0.573544500932315 1.35365292174064 -9.78102135497982
-4.74877266863882 4.26752268509791 1.8524828133561 4.26752268509791 -5.28276237640339 2.78421794130745 1.8524828133561 2.78421794130745 -3.90273959255093
-20.232276705302 -1.61954903136826 1.36903534130587 -1.61954903136826 -8.04720292112696 2.18210608975398 1.36903534130587 2.18210608975398 -3.08307637857486
-11.7939208295162 8.13070748448109 -2.93144967143183 8.13070748448109 -2.32494284285973 0.213156385403964 -2.93144967143183 0.213156385403964 -6.90670638479029
-17.2700621947397 5.77060482547226 1.87445769844929 5.77060482547226 2.03926933664823 0.738356139131256 1.87445769844929 0.738356139131256 0.428510259317247
-13.802425327034 2.42602731428841 -1.87665518695861 2.42602731428841 2.01509696304572 1.27454333540514 -1.87665518695861 1.27454333540514 -4.2433503114954
-12.3828477500138 7.06272806895196 1.30970315155425 7.06272806895196 7.58133535715129 -0.975684898137731 1.30970315155425 -0.975684898137731 6.13978289503789
-5.17508543944675 7.06272806895196 -2.43261977981637 7.06272806895196 -1.09874425465961 1.19323626056033 -2.43261977981637 1.19323626056033 -1.75139834192741
-35.9377270814064 -8.54823030125174 1.00864722577752 -8.54823030125174 -22.7418085829446 5.19706032453994 1.00864722577752 5.19706032453994 -24.6360436779777
-20.4915803494017 0.118664379503238 -0.492237426087504 0.118664379503238 -0.309845879814009 4.22357291491153 -0.492237426087504 4.22357291491153 -5.99474865342282
-18.1292802018835 4.53561628323486 0.652654087267807 4.53561628323486 -0.793293351864236 0.760331024224448 0.652654087267807 0.760331024224448 2.81278529192859
-23.2516259171066 -3.57751129317168 0.19557647732941 -3.57751129317168 -10.2798512465953 2.92705469441319 0.19557647732941 2.92705469441319 -9.13056475622134
-9.2755989978364 3.2940352754695 -1.45473739316932 3.2940352754695 3.11164372919601 0.738356139131256 -1.45473739316932 0.738356139131256 2.7556505906863
-15.3604446801413 7.36378399472869 0.725171208075341 7.36378399472869 -0.399942908696097 1.38881273788974 0.725171208075341 1.38881273788974 -9.96780787827196
-18.8698338295241 -0.920747685404751 -0.674628972360999 -0.920747685404751 -4.69823043292448 1.58219172670983 -0.674628972360999 1.58219172670983 -5.35308200870161
-9.25801908976185 6.77485707423114 0.824058190994705 6.77485707423114 4.72240280652699 -1.78875564658584 0.824058190994705 -1.78875564658584 11.9894973068456
-4.72240280652699 2.20188348633785 3.15339601087307 2.20188348633785 2.51172936615186 3.78847019006633 3.15339601087307 3.78847019006633 -7.86920635187211
-17.7293372931874 3.83022247174339 -1.33607301366608 3.83022247174339 1.88324765248657 2.40624991770454 -1.33607301366608 2.40624991770454 -3.59289371273692
-4.33124985186817 0.507619845652739 3.48521677578027 0.507619845652739 3.00176930373005 5.59480574472672 3.48521677578027 5.59480574472672 -6.47819612547304
-4.14446332857604 6.89132396522506 -3.10285377515873 6.89132396522506 9.66015948696727 0.145034241615068 -3.10285377515873 0.145034241615068 8.37023373199689
-5.00807631273849 1.40199766894566 2.81498278043791 1.40199766894566 -0.920747685404751 3.35776244223976 2.81498278043791 3.35776244223976 6.2101025273361
-10.5721172183347 2.83036520000315 3.27865285590427 2.83036520000315 6.08045070528627 3.89614712702297 3.27865285590427 3.89614712702297 -6.98142099410714
-27.6509979127637 -3.36874988478636 0.188984011801452 -3.36874988478636 -11.4247427599506 1.90522253757976 0.188984011801452 1.90522253757976 -16.6152106189626
-15.4373567779675 1.7953481121138 -0.0703196322982149 1.7953481121138 2.46777959596548 3.49840170683619 -0.0703196322982149 3.49840170683619 2.72268826304651
-31.0724875217737 -4.79272243882521 1.04160955341731 -4.79272243882521 -15.7625850773467 2.3557076819902 1.04160955341731 2.3557076819902 -18.5028532484678
-5.91783655559665 4.70921787547108 1.36024538726859 4.70921787547108 2.11837892298372 -0.490039937578185 1.36024538726859 -0.490039937578185 8.22959446740046
-13.3431502285863 6.86934908013186 -4.48727153602984 6.86934908013186 5.94420641770848 0.0835045633541302 -4.48727153602984 0.0835045633541302 -4.1972030527997
-21.8232583860491 -0.450485144410439 -1.0174371798148 -0.450485144410439 -1.50308214037434 3.9686642478305 -1.0174371798148 3.9686642478305 -10.7676936956642
-8.23838442143774 4.17522816770651 -1.02622713385207 4.17522816770651 6.42106142423075 1.86786523292133 -1.02622713385207 1.86786523292133 9.17671201491704
-9.89089578044578 5.9354164636712 1.54263693354209 5.9354164636712 -3.69617567267492 2.66994853882285 1.54263693354209 2.66994853882285 -9.02948028479265
-12.4509698938027 4.24774528851404 1.34046799068472 4.24774528851404 -2.26561065310811 0.69880134596351 1.34046799068472 0.69880134596351 7.85602142081619
-6.04748837764648 3.84340740279931 1.59317916925643 3.84340740279931 -4.56418363385601 1.57999423820052 1.59317916925643 1.57999423820052 3.7972601441036
-12.0114721919388 1.31190064006357 0.246118713043752 1.31190064006357 -1.23059356521876 1.52725451397685 0.246118713043752 1.52725451397685 3.97525671335846
-7.03635820684013 8.30430907671731 -4.69383545590584 8.30430907671731 9.53490264193607 -0.758133535715129 -4.69383545590584 -0.758133535715129 2.44800219938161
-30.6505697279844 -6.68036506833041 0.863612984162451 -6.68036506833041 -17.7271398046781 4.30707747826566 0.863612984162451 4.30707747826566 -17.795261948467
-14.222145632314 3.77748274751973 -0.0263698621118306 3.77748274751973 2.61281383758055 2.39745996366726 -0.0263698621118306 2.39745996366726 4.53561628323486
-13.5101593552945 5.30913223851522 2.32494284285973 5.30913223851522 8.15927483510225 1.27893831242378 2.32494284285973 1.27893831242378 -2.26121567608947
-17.9996283798337 7.22314473013226 0.749343581677852 7.22314473013226 2.33593028540633 0.450485144410439 0.749343581677852 0.450485144410439 -6.7133273959702
-3.30062774099746 5.17508543944675 -1.52285953695822 5.17508543944675 0.916352708386112 1.73381843385286 -1.52285953695822 1.73381843385286 5.11575324969513