-1.18337480388442 0 0 0 -2.64121300766136 0.556882260651491 0 0.556882260651491 0.391806447672656
-2.90405802318323 0 0 0 -6.97135486511023 -1.87814600943004 0 -1.87814600943004 -19.4297233943295
-1.18337480388442 0 0 0 -2.64121300766136 0.556882260651491 0 0.556882260651491 0.391806447672656
-3.54318495576722 0 0 0 -7.51455549324514 -1.82232536671189 0 -1.82232536671189 -22.4320541243132
0.0683585037945751 0 0 0 -9.80542420606303 -0.679563949487247 0 -0.679563949487247 -19.108212354813
1.73448385321857 0 0 0 3.92170421104756 0.106644598863787 0 0.106644598863787 -0.748524354289222
0.982634955554291 0 0 0 3.26129667347545 0.206232027708925 0 0.206232027708925 -3.92447417434337
3.13971622685409 0 0 0 16.4775760194212 1.82772484133705 0 1.82772484133705 -4.59196984930962
3.57405615981367 0 0 0 -8.16986217087036 -0.428142144144345 0 -0.428142144144345 -10.6394356979638
2.89917779343939 0 0 0 -8.69129858936453 -0.471765848824904 0 -0.471765848824904 -13.79759238039
-2.08623914810446 0 0 0 -12.3915049601698 0.440754749599534 0 0.440754749599534 -20.1613815459673
-3.93948041817259 0 0 0 4.64413643439384 0.300818065404392 0 0.300818065404392 -8.9462468492183
-4.573195486684 0 0 0 4.09496635249477 0.204955343223955 0 0.204955343223955 -12.2062293297822
-1.96482966318639 0 0 0 -3.21408555280134 0.565663066817649 0 0.565663066817649 -2.90427009217683
0.98283038742206 0 0 0 -8.01998217455589 -0.0668152237063243 0 -0.0668152237063243 -18.6630007120343
8.84192666302059 0 0 0 6.44865417701315 0.177126879343063 0 0.177126879343063 3.92562595381254
8.01487289009922 0 0 0 5.82335458629982 0.138651299673805 0 0.138651299673805 1.07816906164258
-1.59118192614481 0 0 0 0.983828824923522 9.1789357386628 0 9.1789357386628 -8.74006072373919
-3.24705743286186 0 0 0 2.26947068846159 -1.84292448892159 0 -1.84292448892159 -13.3535492037807
-3.88786869294874 0 0 0 1.71837234424633 -1.83730503633021 0 -1.83730503633021 -16.260969796985
-5.31352407014677 0 0 0 5.30026677456257 -1.05793218761904 0 -1.05793218761904 -10.8948455110943
-6.85564360665771 0 0 0 1.70077483585901 0.171460227354892 0 0.171460227354892 9.32798946561374
-7.5103722376441 0 0 0 0.991935955915258 0.247289355956465 0 0.247289355956465 6.27670398995117
-7.51671938582388 0 0 0 -10.907315958427 4.20813270764501 0 4.20813270764501 -4.30551945727382
0.0359124582235332 0 0 0 -2.00112197767799 0.143649832894133 0 0.143649832894133 -3.40370298496376
8.21099016137467 -1.23661106317992 -0.252150628934734 -1.23661106317992 6.48080765432251 1.03274459723269 -0.252150628934734 1.03274459723269 2.80316390677443
7.74017625135583 -1.22624658578235 -0.215603795302391 -1.22624658578235 5.63803924715752 1.07801897651195 -0.215603795302391 1.07801897651195 -0.0296455218540788
2.50962136357232 -3.70860360400783 0.725769737558522 -3.70860360400783 -2.21718667078318 0.510431463777422 0.725769737558522 0.510431463777422 0.513089960984596
0.0132873408381556 -2.33857198751539 0.0265746816763112 -2.33857198751539 -3.18896180115735 1.43769027868844 0.0265746816763112 1.43769027868844 -5.42654999830276
-0.816985118865255 -2.21333550176241 0.154853388543088 -2.21333550176241 -3.9220625477551 1.34562254871924 0.154853388543088 1.34562254871924 -7.86014441156638
-1.61535114696106 -1.8589778773224 0.579937542925364 -1.8589778773224 0.707047141374758 2.62693170128749 0.579937542925364 2.62693170128749 1.86162599395676
4.16734965561649 -3.21785987765144 -0.345978467039322 -3.21785987765144 -1.88597284664292 -3.07738741734976 -0.345978467039322 -3.07738741734976 2.66637540387447
3.29816239995089 -3.0838602471807 -0.378948928678985 -3.0838602471807 -2.68139035051475 -3.19623820534068 -0.378948928678985 -3.19623820534068 -0.086243549285562
-5.13004701793579 -3.93469625647502 -2.32778832494991 -3.93469625647502 2.01584371834064 1.22418597719776 -2.32778832494991 1.22418597719776 -1.98962988585246
2.20005413575388 0.0847192928328812 -0.905437442151417 0.0847192928328812 -1.14106297534287 -0.765121113396958 -0.905437442151417 -0.765121113396958 1.538184660497
7.72183522064836 0 0 0 3.92649160988193 -0.896177993955844 0 -0.896177993955844 4.50870924231887
1.31390913361291 0.234056687769101 -0.896330724752125 0.234056687769101 -1.93096767409508 -0.827177612456709 -0.896330724752125 -0.827177612456709 -1.17560290902207
0.679403787334756 -0.411286583903799 -1.16617968094242 -0.411286583903799 1.70762024709425 -0.601311397985933 -1.16617968094242 -0.601311397985933 -2.32455012294995
1.00302161272983 -1.00557383057392 4.04781750073665 -1.00557383057392 -5.31626976925249 -1.76358253027051 4.04781750073665 -1.76358253027051 -4.3566358598723
0.0461516221711266 -0.989695897669714 3.99467929681196 -0.989695897669714 -5.92279151196125 -1.8588847818926 3.99467929681196 -1.8588847818926 -6.94325515774504
-4.21019206142289 -0.668527466722907 0.283231102313903 -0.668527466722907 -7.14456834665702 -0.349573522675719 0.283231102313903 -0.349573522675719 -9.75743905629159
5.39882967624848 0.340103596030585 -2.72838662593425 0.340103596030585 -2.29506945173232 0.173830726860077 -2.72838662593425 0.173830726860077 -9.96125643485137
4.38088848413078 0.313824478354834 -2.68775480655511 0.313824478354834 -2.93324653559074 -0.03290095337591 -2.68775480655511 -0.03290095337591 -12.4390912186613
-0.400876173754832 -2.08455610352513 -1.3730008951103 -2.08455610352513 -0.105229995610643 -0.558721167170797 -1.3730008951103 -0.558721167170797 -5.53710214998862
-3.19991033664927 -0.550222300358869 4.84550606445068 -0.550222300358869 -3.90480342190165 -1.09283784080494 4.84550606445068 -1.09283784080494 -9.00893932338738
-4.21046289961765 -0.555281858509769 4.7351787842645 -0.555281858509769 -4.62819787574427 -1.22773328349408 4.7351787842645 -1.22773328349408 -11.3399763031445
6.90754414848667 0 0 0 3.31697913577229 -0.874676015333091 0 -0.874676015333091 1.11231630260395
3.89271582546605 -1.4689018292859 -3.27794387633096 -1.4689018292859 4.40166637352051 -0.254475274027231 -3.27794387633096 -0.254475274027231 -4.51252688893832
0.219750261213689 -2.4530261716877 2.35081674786738 -2.4530261716877 -0.426724344449839 -0.909663872000854 2.35081674786738 -0.909663872000854 -10.6502219620774
-0.816258352427613 -2.48727780975584 2.29219719722597 -2.48727780975584 -1.15251572402515 -1.21668697814682 2.29219719722597 -1.21668697814682 -12.9420585312579
5.49751108831016 -1.02800992099791 -0.781484760087139 -1.02800992099791 -3.15059155643963 2.47264736393502 -0.781484760087139 2.47264736393502 -4.68644330891372
4.45788487616674 -0.789696391404059 0.577648286304821 -0.789696391404059 12.1135526706116 0.979808485630962 0.577648286304821 0.979808485630962 -2.73468935541776
3.42281212608012 -0.749199220729984 0.580262141545772 -0.749199220729984 11.2747137629463 0.744302493797109 0.580262141545772 0.744302493797109 -5.27622327017358
-2.71484961934831 -0.986053871178394 4.35656528538818 -0.986053871178394 -2.33323396530784 0.970686797861328 4.35656528538818 0.970686797861328 -4.81501630601398
-1.18644478908811 2.06687210614927 -1.26671166699682 2.06687210614927 7.65796182047782 -0.602001584315322 -1.26671166699682 -0.602001584315322 -7.4171611867517
-2.21476229376049 2.06610361875267 -1.2396621712516 2.06610361875267 6.97183989401054 -0.856677110214523 -1.2396621712516 -0.856677110214523 -9.87950279162101
-0.490355964075376 1.47358253819574 -1.99662889987615 1.47358253819574 1.14919320811511 0.704100871492847 -1.99662889987615 0.704100871492847 -1.28749873644406
-5.77567988849103 0 0 0 2.19375389155903 1.52076162629138 0 1.52076162629138 -19.9024906627063
1.82753276425288 -1.98969412220772 1.14027748530145 -1.98969412220772 9.41822871042436 5.0141321475558 1.14027748530145 5.0141321475558 1.67566736553328
0.775659781865489 -1.87192560690205 1.13504881412983 -1.87192560690205 8.63309337216289 4.75737999544167 1.13504881412983 4.75737999544167 -1.09109475982412
-0.273376400432609 3.3103396852385 -2.69897064427103 3.3103396852385 0.251009240397213 0.705808161116917 -2.69897064427103 0.705808161116917 -8.45230125337547
-5.56435690295921 0.17396381563517 -1.69987499849223 0.17396381563517 1.47620723553272 1.754549340549 -1.69987499849223 1.754549340549 -15.1472779470908
-0.869917597197127 0 0 0 -6.05503108932791 -0.894194367351466 0 -0.894194367351466 18.7679663934831
-1.66509189211422 0 0 0 -6.63597061765667 -0.829496327207083 0 -0.829496327207083 14.9736285536279
-7.69631440744672 0 0 0 1.00695646164431 2.47069760851033 0 2.47069760851033 -14.6069591563121
-1.18337480388442 0 0 0 -2.64121300766136 0.556882260651491 0 0.556882260651491 0.391806447672656
-7.15562097209767 0 -0.00196961766366575 0 -0.405741238715145 1.18570983352678 -0.00196961766366575 1.18570983352678 -10.5729076185577
-7.90936460819698 0 0 0 -0.946115185865405 1.12227470791984 0 1.12227470791984 -13.5939730052795
-1.84640503852044 0 0 0 11.2045063460877 -3.96326367849816 0 -3.96326367849816 12.4530665813867
-5.42761636869223 0 0 0 -12.5557217659732 5.33736122121586 0 5.33736122121586 -12.5352092324559
-6.08910489861574 0 0 0 -13.0501432339662 5.37589220568377 0 5.37589220568377 -15.3856056070643
8.39054630387471 0 0 0 -8.23409843363563 -3.40891675152515 0 -3.40891675152515 -9.97766877695798
0.6655304823761 0 0 0 4.83875049800496 -4.57375203845703 0 -4.57375203845703 5.94122500528452
-0.00203275662954647 0 0 0 4.2301665460862 -4.54727658029545 0 -4.54727658029545 2.32750634083071
1.14066267378124 0 0 0 1.39842808226917 -1.04526917615185 0 -1.04526917615185 -8.64224495544578