1.37273455163877 0.170760194630347 -1.50357677869319 0.170760194630347 -0.78727102719186 1.59450103817168 -1.50357677869319 1.59450103817168 -2.60797388162712
5.61316114194044 0.559709293256465 6.77542828678879 0.559709293256465 -5.48461546693417 -0.43384165314616 6.77542828678879 -0.43384165314616 -2.17188630062676
-7.85937950905344 5.4601718349453 0.669926319898526 5.4601718349453 0.0272327772316474 -3.34963159949263 0.669926319898526 -3.34963159949263 -4.51247118728397
-7.72398861869599 -2.42578105680969 1.42926543445415 -2.42578105680969 0.809917079524021 -0.0674930899603351 1.42926543445415 -0.0674930899603351 3.40244577035336
-3.19686756847226 -0.608277702874842 1.05562094624468 -0.608277702874842 -13.8049033822851 -0.155479054098054 1.05562094624468 -0.155479054098054 -4.81985067703966
7.59745649460422 -0.27500941979792 -4.50809833949114 -0.27500941979792 -0.264728693824166 -1.91992557559856 -4.50809833949114 -1.91992557559856 -1.71945141911036
-4.06820283880153 1.06497456513129 1.90204457332448 1.06497456513129 -1.77424762550873 0.479238554309081 1.90204457332448 0.479238554309081 5.17151648827755
-9.19811100229481 -0.241496855513222 -3.85333444181537 -0.241496855513222 -12.1066885148497 4.28325192086088 -3.85333444181537 4.28325192086088 -8.35950653699615
-5.93656572223027 -2.82135782317365 0.692930246507814 -2.82135782317365 2.81143045574517 -0.319661231197014 0.692930246507814 -0.319661231197014 1.51293079610016
-8.75411894863171 0.967140703892114 3.71152708271999 0.967140703892114 1.69000360113106 1.66258466364959 3.71152708271999 1.66258466364959 0.366416709979744
1.87210436325198 -4.26879573931429 9.07212326893292 -4.26879573931429 4.83813425084776 0.00497238874701722 9.07212326893292 0.00497238874701722 0.867681836354505
-10.3030310229827 2.05111262605936 4.78426392071093 2.05111262605936 3.39770179225424 1.5639421484935 4.78426392071093 1.5639421484935 1.21667703884398
2.66351699369398 -2.0753668404172 -2.83193003317852 -2.0753668404172 -2.95888755525149 2.48733104469477 -2.83193003317852 2.48733104469477 -9.65395361722157
-9.75960823070325 4.18934334215196 2.17275949661642 4.18934334215196 -1.6001154426532 -4.39483761988995 2.17275949661642 -4.39483761988995 -4.05508708069647
-3.74110709654914 1.41750714653794 -0.277942577752536 1.41750714653794 -8.46891034411978 -2.27079086023822 -0.277942577752536 -2.27079086023822 -2.11236359091928
-0.36577500875489 0.212385488954452 -2.22532795648943 0.212385488954452 -1.78639794598356 2.11441553447988 -2.22532795648943 2.11441553447988 1.37578600067162
-6.8469609145354 0.621264467273894 3.34647498758459 0.621264467273894 -7.90415465086282 3.52919983090044 3.34647498758459 3.52919983090044 -11.2610710580655
-1.7418542568712 1.0619199197592 1.91247448378695 1.0619199197592 3.45060309657965 0.170620226915747 1.91247448378695 0.170620226915747 3.10426950164619
7.43193180939967 0.760135970647163 -1.98505387515389 0.760135970647163 7.39529875057331 2.30788270606127 -1.98505387515389 2.30788270606127 -3.74344069881961
-9.4721218811833 4.49385268098901 2.03619147055775 4.49385268098901 -1.33556644843035 -4.2201710317205 2.03619147055775 -4.2201710317205 -4.1654347018668
0.126034169628048 -2.71616496177997 0.275217472453085 -2.71616496177997 -8.10219661894595 3.6652794228565 0.275217472453085 3.6652794228565 1.38637586590853
-10.0727687131284 0.614946423702053 0.0859313779845663 0.614946423702053 -13.6792012329182 4.19184003230963 0.0859313779845663 4.19184003230963 -10.5856716254738
2.81126723928289 -1.01389966006924 -3.63570080125838 -1.01389966006924 -5.85040586681366 2.16861871737031 -3.63570080125838 2.16861871737031 4.70080751486647
-10.1813864418112 3.55579704480731 2.22958084971702 3.55579704480731 -2.04561297172312 -4.66509589121824 2.22958084971702 -4.66509589121824 -3.85508807020036
0.0985593192098587 0.575793917489175 0.609511579324126 0.575793917489175 -6.91730800875509 -1.98934204826215 0.609511579324126 -1.98934204826215 -6.38301275198585
-3.99043999631429 -2.20863905268639 -2.76948447505395 -2.20863905268639 3.82665328004766 0.799080646028111 -2.76948447505395 0.799080646028111 1.32270181469871
-0.760209080064989 -3.20576303593507 -0.306660611958419 -3.20576303593507 -7.92421329220285 3.7314669421495 -0.306660611958419 3.7314669421495 0.53085786607928
-2.06039736814514 -2.06039736814514 3.00474616187833 -2.06039736814514 -1.82809766487388 0.631249193671919 3.00474616187833 0.631249193671919 -2.32047203593797
2.77919866461205 0.211260119893019 -6.38497818666959 0.211260119893019 4.65387584502194 -1.653161714891 -6.38497818666959 -1.653161714891 -8.48322190172356
4.41734886373896 0.268726321374618 -2.56953549200111 0.268726321374618 -1.305242132391 -1.81966109045098 -2.56953549200111 -1.81966109045098 3.7852021839339
-7.82991473308109 0.29569466203011 -0.787187140809888 0.29569466203011 -4.23962211370199 0.935034471824943 -0.787187140809888 0.935034471824943 -2.42749334031476
3.20908313768349 -4.92739415761671 0.632924302623802 -4.92739415761671 -6.07555022725245 1.16646379739759 0.632924302623802 1.16646379739759 -5.57862618800236
1.595095251873 0.308644447110384 -1.60546985513721 0.308644447110384 0.931120642963261 4.45329845116412 -1.60546985513721 4.45329845116412 4.28211749730458
9.30658689243308 0.536562663778448 1.37973256400172 0.536562663778448 -2.97091839451712 -1.50924768974135 1.37973256400172 -1.50924768974135 -2.12774849429384
4.13414916883051 -2.02817104769477 -4.00187714398085 -2.02817104769477 6.13119738714889 5.41796588060661 -4.00187714398085 5.41796588060661 5.81478195515559
6.36331860267025 -1.61450090453099 -6.71049699266714 -1.61450090453099 3.4159440190603 -1.89612812998301 -6.71049699266714 -1.89612812998301 10.2284094899083
-2.22759239522415 -0.425893953726079 1.56369887912173 -0.425893953726079 4.00632596666836 -1.2254889746922 1.56369887912173 -1.2254889746922 -4.87690331325549
2.4955826453163 3.16550339641556 1.42677778287551 3.16550339641556 -5.45141618833438 -0.864248907906671 1.42677778287551 -0.864248907906671 -1.45234727719227
-0.125589336274005 1.81379983734188 -0.722138683575528 1.81379983734188 -0.357446572472168 0.929844124336382 -0.722138683575528 0.929844124336382 -1.08441561513516
-0.2958873331726 1.83259251513352 2.38141579440528 1.83259251513352 2.23585831598973 3.14976838538574 2.38141579440528 3.14976838538574 -6.11580028162398
-2.4147378278858 1.62466231737939 -0.0834586806872972 1.62466231737939 -9.80917693678033 -1.84721879921218 -0.0834586806872972 -1.84721879921218 -2.94609142826159
-3.02222312923417 0.0405849122099485 3.99355536145894 0.0405849122099485 -5.70623865671876 -1.16613981083252 3.99355536145894 -1.16613981083252 -9.16948449863437
-6.84185127057123 0.189355265119595 4.53338781786323 0.189355265119595 -14.3213842427952 -1.592811936006 4.53338781786323 -1.592811936006 -6.02595284880592
0.662891818861822 2.89866673480797 -4.02249408363106 2.89866673480797 11.6136745899519 1.23312134046339 -4.02249408363106 1.23312134046339 -1.65841752532456
1.25344168746967 1.70382282612322 0.929357905158118 1.70382282612322 3.41717752819677 2.90245622687843 0.929357905158118 2.90245622687843 -5.22108505179855
0.565102316652154 -1.25406267531026 -5.15817137437286 -1.25406267531026 -6.5386724675642 2.30943640823597 -5.15817137437286 2.30943640823597 2.60359925800011
-3.72509891239077 2.360408673116 -5.28185666682273 2.360408673116 3.29041979914029 2.08999782940785 -5.28185666682273 2.08999782940785 1.41776152635768
-5.22494117303999 3.95265727591124 1.19842471958008 3.95265727591124 8.37944282060267 -0.819598615378822 1.19842471958008 -0.819598615378822 -4.52923537161378
10.6741747008271 1.55612075200243 0.0279694906405665 1.55612075200243 -6.01089780675447 -5.50744697522427 0.0279694906405665 -5.50744697522427 9.66981571873402
1.47539778905255 -5.64521055680105 0.297498242710595 -5.64521055680105 -9.71827592854612 -3.58207233702758 0.297498242710595 -3.58207233702758 5.26547702748753
4.84733435700874 -1.85080039085788 -4.22003226374878 -1.85080039085788 5.8971581081256 5.36576583904176 -4.22003226374878 5.36576583904176 6.34819349749433
-6.97980126961044 1.86641136637412 3.1243149032474 1.86641136637412 -8.86064365170395 -1.81109247278314 3.1243149032474 -1.81109247278314 0.574835459488937
-4.88876718328906 1.70661542735202 4.32791895399002 1.70661542735202 -9.55608356359309 -1.34314726158311 4.32791895399002 -1.34314726158311 0.712493887864875
-7.72172814069813 0.945304561018845 3.71071210278392 0.945304561018845 -6.87826578376695 6.09747555242818 3.71071210278392 6.09747555242818 -8.26227522393267
-7.86933677680588 2.98730116602885 0.661728863869339 2.98730116602885 14.091492352901 0.0452260734299188 0.661728863869339 0.0452260734299188 -7.3456664528805
-4.8452833380653 -0.382648239926183 -0.468744093909575 -0.382648239926183 4.13020943970324 1.60951415918951 -0.468744093909575 1.60951415918951 -4.96246936154269
-7.7764620426672 0.707900978690901 3.80333514750536 0.707900978690901 -7.9567025132564 4.59743809039109 3.80333514750536 4.59743809039109 -11.2428258755928
-7.14345438038238 3.27646440913538 1.33820712059163 3.27646440913538 12.8058325525655 -0.0642910894234414 1.33820712059163 -0.0642910894234414 -7.24822504462799
-11.1265828730535 -0.598267496389622 2.85220550604354 -0.598267496389622 -6.66640924548436 0.558515503274032 2.85220550604354 0.558515503274032 6.68032244307481
-3.14263042041264 1.26616858195513 -3.39079946247584 1.26616858195513 2.89952605267725 1.57004904162436 -3.39079946247584 1.57004904162436 1.88659118711315
-1.72607785652192 -2.06602661605883 -3.18402711397248 -2.06602661605883 -1.44119122000859 -0.217854486745485 -3.18402711397248 -0.217854486745485 0.940844102098634
1.18935249913241 -4.52945076752926 1.94013126420974 -4.52945076752926 8.93501064973223 -0.525297353783481 1.94013126420974 -0.525297353783481 3.35248735692948
-6.04160770375411 0.902384810220294 3.76636395148926 0.902384810220294 -9.69999398564436 -1.22631781901732 3.76636395148926 -1.22631781901732 -5.86678671487952
-2.50838103479084 1.65553148296196 2.38017489301264 1.65553148296196 -13.704121720074 -1.095326385192 2.38017489301264 -1.095326385192 -6.15110771531488
6.22458158440755 -1.28945159277661 -4.56227651902084 -1.28945159277661 5.18887749382393 5.0076292779718 -4.56227651902084 5.0076292779718 7.51403317718416
-0.409375147586725 -4.72595107087459 -0.370510418385453 -4.72595107087459 -6.06289775539833 0.0129549097337571 -0.370510418385453 0.0129549097337571 -1.51572443884958
4.37998367096133 -3.74579010184493 2.00243246078454 -3.74579010184493 -9.98787403957355 -1.05249145512934 2.00243246078454 -1.05249145512934 -0.202402202909488
2.09738701312599 -2.68546034409841 -0.263850391843141 -2.68546034409841 -1.8201204996637 0.46732823640014 -0.263850391843141 0.46732823640014 -3.47924753989769
-0.612917891355615 -0.132239134093848 1.55958216875761 -0.132239134093848 3.62083343352204 -0.220398556823081 1.55958216875761 -0.220398556823081 -4.78789626774711
-0.71230123344963 -1.3071901756713 2.08993878385771 -1.3071901756713 -0.4357300585571 1.78727598869229 2.08993878385771 1.78727598869229 -8.91289748521588
-4.61325347333392 3.91030420957694 -1.34156079828874 3.91030420957694 5.02072575842695 -1.56078565342651 -1.34156079828874 -1.56078565342651 -0.335985919287233
2.40887482709172 -1.7087343793801 -7.30251383050265 -1.7087343793801 6.4408025102422 -0.553257836303587 -7.30251383050265 -0.553257836303587 4.23021920855132
-1.53775894768068 -4.11934477598639 3.21420818019965 -4.11934477598639 -15.7303980961323 -0.0437969320541967 3.21420818019965 -0.0437969320541967 -4.47458655820376
-11.1882483132536 -0.852229851986116 2.86659132031694 -0.852229851986116 -5.92190486892917 0.367511707732941 2.86659132031694 0.367511707732941 7.59656632632846
4.32658189391051 -1.72237314024848 3.75083798102068 -1.72237314024848 -11.5974744309538 0.463996149206573 3.75083798102068 0.463996149206573 -0.405692968154438
-2.14714283889768 -3.08227317505993 2.84718454306383 -3.08227317505993 -2.84718454306383 4.10882686810955 2.84718454306383 4.10882686810955 -13.7056672453724
-2.03526051352053 -3.10326850576398 4.23676755413556 -3.10326850576398 -2.83626650770312 0.755666032247723 4.23676755413556 0.755666032247723 -3.06044743060328
-3.82722274179623 0.745315587243901 3.60961235136006 0.745315587243901 -15.1184818755533 1.62391753862996 3.60961235136006 1.62391753862996 -5.66059028122101
7.8202580549102 -1.76476995163504 -1.57326332226805 -1.76476995163504 -4.13072527140948 -1.11752602706559 -1.57326332226805 -1.11752602706559 7.54390671632999
2.03561903054827 2.64066448547194 -0.561461672153742 2.64066448547194 -3.11239484015819 -0.0820400616845651 -0.561461672153742 -0.0820400616845651 0.435837827699252
7.16490248975676 -1.69784419188549 -5.3457837127366 -1.69784419188549 1.19576740942792 -1.82154426872286 -5.3457837127366 -1.82154426872286 10.1045984334214
-1.46236749955202 -3.84185550999147 5.86203329287777 -3.84185550999147 -3.1131844191494 0.851791378605042 5.86203329287777 0.851791378605042 -3.33178574640202
-1.35435347178922 -0.872121553803664 -1.8699312138908 -0.872121553803664 -4.34521738865708 -1.99818438356781 -1.8699312138908 -1.99818438356781 -1.22610030211221
10.4066899256554 1.18176801896821 -1.41608409169467 1.18176801896821 -2.61822742133475 -5.72800921262825 -1.41608409169467 -5.72800921262825 7.2536105991842
0.376805863137957 -2.80655401509651 -1.28633725691923 -2.80655401509651 -3.6875001365018 3.7628613091294 -1.28633725691923 3.7628613091294 -12.0837742316655
2.10799018307583 -0.31760726938202 -2.58696243609548 -0.31760726938202 -2.17202390674156 -1.99785217837077 -2.58696243609548 -1.99785217837077 1.88259147577246
0.10659790636236 -5.94608321587113 0.956781208325569 -5.94608321587113 -6.58047075617395 0.236595353145725 0.956781208325569 0.236595353145725 -3.66852794822657
-1.64461168063001 -3.04332483023335 -3.32624034442533 -3.04332483023335 1.76888298125639 1.50712002887316 -3.32624034442533 1.50712002887316 3.48752862821702
-4.90523604075299 0.935199011487161 1.99543855932915 0.935199011487161 -4.30347845954538 5.6658993035782 1.99543855932915 5.6658993035782 -3.43079971623563
-5.71778046906325 0.349648445949911 2.42440062154975 0.349648445949911 -9.43793709619209 -1.52714100657535 2.42440062154975 -1.52714100657535 -5.53781435717727
-2.0931393633278 2.51591206641579 -3.02572620837484 2.51591206641579 4.83079985734367 -3.13141938414684 -3.02572620837484 -3.13141938414684 -1.29733192222099
-2.27074983517323 0.596897328037705 -0.152399317796861 0.596897328037705 3.00480654922811 0.744216668574671 -0.152399317796861 0.744216668574671 2.49934881186852
-1.6797595728592 1.38153215248814 2.37052564910327 1.38153215248814 3.66284447071118 -0.0127447615543186 2.37052564910327 -0.0127447615543186 3.27540371945989
2.09543910984274 -5.0440385492985 1.16977223663655 -5.0440385492985 -9.97206662884791 -3.06702679399128 1.16977223663655 -3.06702679399128 4.95703069698669
5.68336517022281 2.74595446849252 -2.96626027112229 2.74595446849252 0.975639983074705 -2.43909995768676 -2.96626027112229 -2.43909995768676 -4.41398411697508
-4.54681028460055 0.213406335831611 1.85286912757328 0.213406335831611 -13.2512781237558 -3.14586045643539 1.85286912757328 -3.14586045643539 -1.96584895242531
-0.417902113479648 -2.3979621273475 -1.82483922886113 -2.3979621273475 8.9192251076942 -2.31438170465157 -1.82483922886113 -2.31438170465157 -2.65069340549948
-2.99137272075965 1.768111161668 0.256524521057348 1.768111161668 -0.756853338987382 -0.114482017661957 0.256524521057348 -0.114482017661957 3.72490564874182
1.9256242546215 -4.19208897808428 9.59577874686711 -4.19208897808428 4.05276732658712 0.204006703977989 9.59577874686711 0.204006703977989 0.276155416360448
-0.193642878364488 -2.5328488490075 -1.64467351357571 -2.5328488490075 -4.85139957929163 0.0955304866598138 -1.64467351357571 0.0955304866598138 0.735842937785053
4.18419063489558 -4.72357659052667 1.71745904700946 -4.72357659052667 0.507790125594123 0.304674075356474 1.71745904700946 0.304674075356474 -4.35119716509098
-1.6222643170902 3.02312266233263 -4.19429817696663 3.02312266233263 5.16475986665452 -3.28591292798373 -4.19429817696663 -3.28591292798373 -1.03874577446337
-4.33325984024994 -1.45957399367889 -2.22046666579345 -1.45957399367889 1.87591149351516 0.569473131959959 -2.22046666579345 0.569473131959959 -2.15107708248741
-4.34186412820486 -0.0125705388772578 2.43868454218802 -0.0125705388772578 -13.5460126941331 -3.27839653918885 2.43868454218802 -3.27839653918885 -2.12693517803203
-11.6248175616869 2.54824812183403 2.63085341458504 2.54824812183403 4.94380161161318 1.12643581024098 2.63085341458504 1.12643581024098 1.58451970640564
-3.62784742989055 0.355084123444476 4.20967201770318 0.355084123444476 -2.03424699635962 1.65991132405369 4.20967201770318 1.65991132405369 3.94228939462752
-9.24044892167234 1.46906538245749 0.735915991965522 1.46906538245749 -4.04200475286326 -4.18033482654099 0.735915991965522 -4.18033482654099 -2.48440812325203
-3.83536295981632 0.514942882070047 3.60887355940377 0.514942882070047 -2.03626791125624 1.31192916842742 3.60887355940377 1.31192916842742 4.38021953628048
0.789318031222142 1.62701361919661 4.27504830458702 1.62701361919661 -10.6507010471039 -2.33230747290155 4.27504830458702 -2.33230747290155 -3.01977801622407
-2.38504591472067 1.81628822922592 -1.78100034362953 1.81628822922592 4.4836372287177 -2.7856672041385 -1.78100034362953 -2.7856672041385 -2.00725796304167
-10.5653284851627 1.92533366169064 0.319288500006054 1.92533366169064 -6.68825384223207 -2.87359650005448 0.319288500006054 -2.87359650005448 1.39718727070318
4.59309347887346 2.77161443023848 -5.29294929654238 2.77161443023848 4.60236309235252 2.17372436083921 -5.29294929654238 2.17372436083921 -0.519098354827273
-2.00820732572757 -3.4400330683567 1.31707103830185 -3.4400330683567 -3.85993096373611 4.70233481595689 1.31707103830185 4.70233481595689 -14.216543029274
-6.48322029852952 1.63937613238202 6.24243692908592 1.63937613238202 -5.23319599758823 -1.02973313315246 6.24243692908592 -1.02973313315246 -4.07538660409343
-4.80418814915465 0.781087390586894 0.660920099727372 0.781087390586894 -12.4398180891868 -2.81892436474629 0.660920099727372 -2.81892436474629 -1.64478979363971
-1.87659456577186 -1.30248814201147 2.40264802895319 -1.30248814201147 -1.00152486259522 0.488116915355753 2.40264802895319 0.488116915355753 -1.62621335012305
-9.99518183732069 3.87299581621757 2.23547563046552 3.87299581621757 -1.83501005740053 -4.54500996279923 2.23547563046552 -4.54500996279923 -3.94979743296976
-3.80652283251692 0.528539080027999 2.02302889252096 0.528539080027999 -7.42558352827514 0.838372333837516 2.02302889252096 0.838372333837516 -9.68294009174447
-0.69617217684968 0.283325885927195 5.14573775679201 0.283325885927195 -5.48303047813391 -0.912039518508495 5.14573775679201 -0.912039518508495 -7.19647750255076
3.68955809594098 0.756501415052979 -0.327903343726035 0.756501415052979 -7.18547248495713 -4.21368706268417 -0.327903343726035 -4.21368706268417 -2.38827238540616
-8.38321953312078 3.79067318019374 -4.064667461786 3.79067318019374 5.90721616276876 1.93304222517837 -4.064667461786 1.93304222517837 0.115630614249942
5.16525750523547 -1.57604707141411 3.48964505642848 -1.57604707141411 -10.8720535265346 0.378834118860711 3.48964505642848 0.378834118860711 0.565822754452216
-0.41677922098662 -4.25063031590081 -0.735188191057144 -4.25063031590081 -5.82714302137194 0.00776607244074448 -0.735188191057144 0.00776607244074448 -0.913807857194267
-3.3642698945442 0.220572755657577 4.79478058172149 0.220572755657577 -1.96588145333646 2.03655039446947 4.79478058172149 2.03655039446947 3.45635366632358
-0.863930787423958 -1.57908799514047 2.3777672125173 -1.57908799514047 -0.73603771013159 2.12198105793256 2.3777672125173 2.12198105793256 -9.75902481624827
-8.63053496835797 1.08724776250336 2.11514204913806 1.08724776250336 -14.2070638147462 3.78513302926109 2.11514204913806 3.78513302926109 -9.70968907506106
-2.72285928927219 -7.11777744691205 -0.203850428073853 -7.11777744691205 -14.4127106229835 -2.96068478869168 -0.203850428073853 -2.96068478869168 1.71574110295493
7.25937979558864 0.144044386495145 -1.39700190711958 0.144044386495145 7.08103912659465 2.1903892422595 -1.39700190711958 2.1903892422595 -3.98065518869916
-9.27016408608177 0.0656893740263471 2.048314117367 0.0656893740263471 -6.26238699051175 1.27994749996791 2.048314117367 1.27994749996791 3.01773003102855
5.0103515934415 0.886149587734641 -0.455954875084394 0.886149587734641 -7.78214507135567 -4.9227670411654 -0.455954875084394 -4.9227670411654 -0.494595118735614
-0.529222514042567 -0.839456401584761 1.40257001258572 -0.839456401584761 -0.0547471566250931 1.25136358000213 1.40257001258572 1.25136358000213 -7.27094380130403
-1.42130177817909 0.672974699357191 0.0311802949509123 0.672974699357191 -1.36933461992757 4.90310138103096 0.0311802949509123 4.90310138103096 1.11729390240769
-0.297379520968229 -3.37277940031466 -2.26504068470801 -3.37277940031466 7.26597296232373 0.398984190632374 -2.26504068470801 0.398984190632374 2.19069580446595
1.92203566349781 -4.13287461322067 9.96869274176841 -4.13287461322067 3.24654728652997 0.388390626302665 9.96869274176841 0.388390626302665 -0.296272336730879
-0.825131621219073 -3.15996778599355 -0.213440987192315 -3.15996778599355 -3.91482005777125 4.31827558234209 -0.213440987192315 4.31827558234209 -13.2203265115826
-4.69849146796388 1.15153779330444 3.9787803471486 1.15153779330444 -15.0949222999672 2.31665504171861 3.9787803471486 2.31665504171861 -6.45295706813999
-0.249603714102579 5.16887691287425 -3.80645664006434 5.16887691287425 5.20267741582564 -2.91464336988533 -3.80645664006434 -2.91464336988533 -5.43148082041967
0.89994979097875 0.704532122080507 -1.8281837182454 0.704532122080507 -3.0521154339765 0.241700801005721 -1.8281837182454 0.241700801005721 1.70733331774254
-11.1621584328014 -2.25844812327448 3.98549668813143 -2.25844812327448 -10.8051243544896 -2.98635481006515 3.98549668813143 -2.98635481006515 -2.03426393456708
-2.24105862324165 -0.184855683047051 4.87461903925443 -0.184855683047051 -13.6615946580663 -3.37804768746255 4.87461903925443 -3.37804768746255 -2.87919057019859
-5.49624422019278 0.0745514884871799 1.76866979583379 0.0745514884871799 -9.13641345115301 -1.66069867457649 1.76866979583379 -1.66069867457649 -5.29572642357209
-6.42626707663415 3.60672450626237 -4.88052800252171 3.60672450626237 2.16594302360201 -3.0676241501676 -4.88052800252171 -3.0676241501676 6.64810925856696
-4.10774193241804 -0.930844129815928 -5.9432828850326 -0.930844129815928 -8.90838750079457 3.21350403242634 -5.9432828850326 3.21350403242634 -2.35848709296058
-5.09105892378279 -0.820546572164786 -5.80150020511397 -0.820546572164786 -9.50575677530196 3.43947956127859 -5.80150020511397 3.43947956127859 -3.44734422490956
1.15407355718169 2.77595907414954 -6.59264519540042 2.77595907414954 5.54985730266125 -2.42355447008155 -6.59264519540042 -2.42355447008155 -3.39215191985905
8.04787867492518 1.46139257208165 0.633610765517919 1.46139257208165 -11.2849143197284 -5.61818577973348 0.633610765517919 -5.61818577973348 6.47151640748745
7.78623256265655 -1.78171884606244 -2.57682603178827 -1.78171884606244 -2.80711622277593 -1.34537953682266 -2.57682603178827 -1.34537953682266 8.39468348831869
1.84446846860393 -2.20175049642068 -0.602913421940753 -2.20175049642068 -1.84446846860393 0.582816307876061 -0.602913421940753 0.582816307876061 -3.29369369393559
-5.78211201588643 -0.775682481110886 -2.23145277136477 -0.775682481110886 -8.77012833396851 -1.72616664810592 -2.23145277136477 -1.72616664810592 -8.06272776140612
5.83416530839944 -0.987836124278066 -4.26084928800878 -0.987836124278066 -1.4263012447148 0.126381122949413 -4.26084928800878 0.126381122949413 -5.32090319682937
2.21009036614947 -4.31631856208646 2.21733656407128 -4.31631856208646 -10.5939413616739 -2.45646109549073 2.21733656407128 -2.45646109549073 4.38394974268994
-1.73786292762761 4.32747505848514 -2.94062116849983 4.32747505848514 -2.68043265108665 -0.854203811884758 -2.94062116849983 -0.854203811884758 -1.99068761907626
3.33480588072254 -2.19292682428836 -3.75782016753792 -2.19292682428836 6.3789516379891 5.42911587740976 -3.75782016753792 5.42911587740976 5.24226294090235
-6.08642063203423 0.495827401602788 4.29252823522414 0.495827401602788 -14.4374911376812 -1.43455680800807 4.29252823522414 -1.43455680800807 -6.23962572803509
1.04128903102267 1.66606244963626 -4.4670129443197 1.66606244963626 0.430555464512742 2.09427793879839 -4.4670129443197 2.09427793879839 1.15126787250146
-1.17159593051777 -0.536544826856083 1.80035939948975 -0.536544826856083 3.88366236001688 -0.429655037130848 1.80035939948975 -0.429655037130848 -5.15376456734027
3.28078049108929 2.55830607236882 0.621459758352255 2.55830607236882 3.36642335531451 4.37437398811905 0.621459758352255 4.37437398811905 -2.49242694604173
3.48686137974633 1.15680787082922 -6.99016052675134 1.15680787082922 5.27446856912718 -1.52460291324206 -6.99016052675134 -1.52460291324206 -6.84633006323793
-3.4537096978965 -0.857649843195115 -0.873056726605806 -0.857649843195115 -6.36304284861526 -1.98235233217554 -0.873056726605806 -1.98235233217554 -3.20976737722723
-0.380180371185204 3.89684880464834 -2.22746704655947 3.89684880464834 -0.350935727247881 -0.0438669659059851 -2.22746704655947 -0.0438669659059851 -2.04956212927408
0.0511786256493102 -0.366438959649061 -5.20998409109978 -0.366438959649061 3.64596529125686 -2.29689671914104 -5.20998409109978 -2.29689671914104 -9.42096140952502
3.70604441215424 0.134403222468992 -1.8766672174374 0.134403222468992 2.12307312529722 1.45603491008075 -1.8766672174374 1.45603491008075 2.42174695300609
-8.51169982569752 -2.19938512287147 1.75077407795364 -2.19938512287147 -0.214380499341262 0.0218350508588323 1.75077407795364 0.0218350508588323 4.38884522262528
1.64729541034132 2.33069350627239 3.47054033045593 2.33069350627239 -8.99892492739088 -1.84874484906727 3.47054033045593 -1.84874484906727 -2.74124236241009
10.2373347341756 1.0754680751362 -1.82727632671246 1.0754680751362 -1.87314937257135 -5.69335469159781 -1.82727632671246 -5.69335469159781 6.59552459348931
-12.0011019773832 2.17744544859108 -2.3115895026297 2.17744544859108 -3.16675784712586 -3.80154667427288 -2.3115895026297 -3.80154667427288 3.71770664049875
0.338334596674699 -0.658727207162103 -2.31964249992881 -0.658727207162103 -3.14497386454436 -2.0043761712092 -2.31964249992881 -2.0043761712092 0.317829469603505
-2.59272927021355 1.83228008066562 0.146158757879686 1.83228008066562 -0.457540459449451 -0.137685786408399 0.146158757879686 -0.137685786408399 3.04179675819172
-3.46255798541733 -0.378559546510641 3.96225658681138 -0.378559546510641 -13.9637998056225 -3.49284274913819 3.96225658681138 -3.49284274913819 -2.55906253441194
-8.96495776903051 1.24437105055528 4.24682144107342 1.24437105055528 1.96755262302227 1.71568593743894 4.24682144107342 1.71568593743894 0.486277264245048
-3.42477857026785 0.824527987957019 1.41723216480728 0.824527987957019 3.56817474208646 2.57635122034106 1.41723216480728 2.57635122034106 -6.36679002874637
-0.0922753623293915 3.19806979441601 -1.6415301298597 3.19806979441601 -0.00485659801733639 0.371529748326234 -1.6415301298597 0.371529748326234 -1.79936956542313
3.88802133555637 -4.68816485678681 1.59127134081321 -4.68816485678681 -0.0495863590621681 0.24117001907509 1.59127134081321 0.24117001907509 -4.28696613346563
-7.13069412222196 0.360644998371955 -4.6247417438286 0.360644998371955 9.61012848602915 -0.872442679885097 -4.6247417438286 -0.872442679885097 -0.758415217164552
-0.199479600220615 3.58090209176519 -1.94614244117673 3.58090209176519 -0.109470512316191 0.165422107500022 -1.94614244117673 0.165422107500022 -1.95100779727967
-5.97087580121054 -0.228394156330458 -2.81822075043476 -0.228394156330458 2.1554698503687 -3.62167876466869 -2.81822075043476 -3.62167876466869 -8.59740859901081
1.63234562460044 -1.71262491761358 -0.905372026759261 -1.71262491761358 -1.78398428918081 0.722513637118228 -0.905372026759261 0.722513637118228 -3.10636264353609
0.198220643015889 -3.61009346092688 -1.80876336751999 -3.61009346092688 7.83962643127841 0.265120110033751 -1.80876336751999 0.265120110033751 2.40342529656765
-2.01487011524866 1.77520368383595 1.9312655461512 1.77520368383595 -13.3070605813449 -1.12308804487581 1.9312655461512 -1.12308804487581 -5.86346711270149
5.86952090319754 -1.59128153625596 -7.20085263124069 -1.59128153625596 4.28066880440152 -1.85123134446876 -7.20085263124069 -1.85123134446876 9.94125808604484
2.25933397105279 -5.56678500323302 2.1898160027127 -5.56678500323302 -4.52134171011866 -1.04276952510129 2.1898160027127 -1.04276952510129 0.986620396826602
-6.79509678499985 -1.19050891002741 -1.14080081357532 -1.19050891002741 1.78700606745241 1.02647219173553 -1.14080081357532 1.02647219173553 0.698398755151777
1.10159117314964 -1.82571404221304 0.683037883584626 -1.82571404221304 -7.5365270237627 3.31504476581862 0.683037883584626 3.31504476581862 1.95410462183421
-11.1668576733859 -2.508197090464 2.94416534161176 -2.508197090464 -9.66580242892782 -2.89725736522244 2.94416534161176 -2.89725736522244 -0.245577052861712
-4.03709248095901 -1.0980454515193 -1.606096332073 -1.0980454515193 -10.9667972334577 -1.33295069736671 -1.606096332073 -1.33295069736671 -5.50934745202593
1.95923204823237 -1.57131392339438 -6.55778045216624 -1.57131392339438 6.37364210176846 -0.127669256275794 -6.55778045216624 -0.127669256275794 2.76698561197729
1.2317154662478 -4.61211767140274 2.88474205777151 -4.61211767140274 8.75583650352814 -0.631966687913862 2.88474205777151 -0.631966687913862 3.39279370883952
-0.505258249615322 -4.92759756072207 -0.0452073170708446 -4.92759756072207 -0.670131994226638 -0.353680774730726 -0.0452073170708446 -0.353680774730726 2.28961764694101
9.80575030208305 0.842242998356951 -2.65434157057948 0.842242998356951 -0.650824135094008 -5.41077320156587 -2.65434157057948 -5.41077320156587 5.17851831414016
-0.614206967711609 -2.33293204474152 -4.44179716993159 -2.33293204474152 1.03070782993665 2.11150120659656 -4.44179716993159 2.11150120659656 2.74416074415358
2.31287637123908 -0.80258348580691 0.705145235133867 -0.80258348580691 -6.26425385248013 2.63083276817217 0.705145235133867 2.63083276817217 2.50006037911098
-10.6200529568357 -1.33817829368241 2.61480832756638 -1.33817829368241 -3.94305948257162 0.212440767691422 2.61480832756638 0.212440767691422 7.40167459769739
1.70281977378858 1.0084231387631 -1.31802673399739 1.0084231387631 0.179127794385551 2.24904897395192 -1.31802673399739 2.24904897395192 -2.5431723894245
-3.56863586284582 -1.05666570690232 -0.701713402258129 -1.05666570690232 -12.150290428205 -0.963832027226146 -0.701713402258129 -0.963832027226146 -5.01847950720016
2.23945759700852 2.8803970004853 2.48970485414288 2.8803970004853 -7.19333187089282 -1.35082447983752 2.48970485414288 -1.35082447983752 -2.2164757060472
-6.01233643091742 5.79838391828567 -1.66016316763621 5.79838391828567 1.90390653645718 -2.4590997654383 -1.66016316763621 -2.4590997654383 -4.05968122069604
-3.84320896776376 -1.66555008814669 -2.56293698908779 -1.66555008814669 1.01225242426156 0.34220353822554 -2.56293698908779 0.34220353822554 -1.33291867686452
-6.83882912149157 0.97585734125824 3.16240400429141 0.97585734125824 -6.02735416659501 6.05605585310261 3.16240400429141 6.05605585310261 -6.50745510454025
-0.213531729247912 0.904967804907817 4.81717413005706 0.904967804907817 -12.0035336370076 -2.76574430263962 4.81717413005706 -2.76574430263962 -3.09366802969891
0.905847906627998 1.7616357973634 1.4279023580794 1.7616357973634 2.94877331710219 2.99644952271419 1.4279023580794 2.99644952271419 -5.48276364537999
-2.05654714113527 0.658400135419077 0.617726767980061 0.658400135419077 3.12168095094451 0.546548374961782 0.617726767980061 0.546548374961782 2.69715267829977
3.19403455422085 0.54263665260943 6.4579134300647 0.54263665260943 -5.44248444646884 -0.553381932859122 6.4579134300647 -0.553381932859122 -3.92739993126231
-3.8912120048831 1.538666133119 4.80381680058279 1.538666133119 -9.86528192079583 -1.15098968956319 4.80381680058279 -1.15098968956319 0.878893800607879
-1.73236706675579 -2.82867100153856 -1.09371831229507 -2.82867100153856 -6.24944955275932 3.29925429429909 -1.09371831229507 3.29925429429909 -1.63928465719876
3.83574529113488 -3.85670564791704 -0.644530971051353 -3.85670564791704 -5.17458808059522 1.37028332463357 -0.644530971051353 1.37028332463357 -4.96498451277364
7.66324193001231 -1.7721701521161 -3.56131046984754 -1.7721701521161 -1.44731269605104 -1.54428507099584 -3.56131046984754 -1.54428507099584 9.12994910105232
-5.46267441452857 3.70509503629876 -5.09885280807613 3.70509503629876 7.13197355001624 -1.52751571532606 -5.09885280807613 -1.52751571532606 -0.545732409678662
-8.78139893776186 1.36205809501224 0.539840098632901 1.36205809501224 -4.43776245183867 -3.98374308683459 0.539840098632901 -3.98374308683459 -2.2424127173982
-3.33372097349231 0.201548490227476 2.7944425807215 0.201548490227476 -14.8546684554143 0.89062643654574 2.7944425807215 0.89062643654574 -5.14493375729328
10.6277679776015 1.38412874786096 -0.636088578980218 1.38412874786096 -4.27197089643115 -5.66118835292394 -0.636088578980218 -5.66118835292394 8.51086518675532
-4.52816286657427 3.8894535780259 -3.10059994179638 3.8894535780259 3.67019516553914 -2.02099058466052 -3.10059994179638 -2.02099058466052 2.66923284766483
0.316948983281532 1.0846698538968 -3.65313050360047 1.0846698538968 -0.640941277302653 2.11534099212341 -3.65313050360047 2.11534099212341 1.31709910830325
-1.18620419292539 -1.15505659923808 -1.07978324782706 -1.15505659923808 -2.74877514290589 1.88962068369735 -1.07978324782706 1.88962068369735 -3.68320295352546
4.77646491326208 -4.43706664846373 1.71509256478098 -4.43706664846373 1.78976018303662 0.543037223677356 1.71509256478098 0.543037223677356 -4.44159195866104
5.49129686014702 0.739508291044962 -1.00307006951427 0.739508291044962 -2.31832010964268 -0.0690890098900138 -1.00307006951427 -0.0690890098900138 4.32190139645308
-11.4063672961817 2.42688665876206 3.36261409214042 2.42688665876206 4.57355547651242 1.20843943936296 3.36261409214042 1.20843943936296 1.58623313572695
-3.8015609306287 1.29041254463423 3.24693437256777 1.29041254463423 -14.2614276261196 -1.13154966116954 3.24693437256777 -1.13154966116954 -6.44648858690923
1.49925696899796 0.600145699554574 -1.45496577345888 0.600145699554574 -0.341042205650939 1.90230684840361 -1.45496577345888 1.90230684840361 -2.56224566193595
-5.06259728365648 3.16442026364638 -3.54928218760337 3.16442026364638 15.8268527000091 0.064143653992832 -3.54928218760337 0.064143653992832 -2.36143674329167
1.65131762981222 -4.45731600829011 7.62834249441071 -4.45731600829011 6.29487246853228 -0.377444029671363 7.62834249441071 -0.377444029671363 1.99896344661479
-8.35493181514286 2.75405950524777 -1.12968762089179 2.75405950524777 16.122426067422 -0.0190263178255459 -1.12968762089179 -0.0190263178255459 -6.07177367607735
1.32838899605044 2.69717622632782 -3.7950576506128 2.69717622632782 10.7316721040497 1.46146553232741 -3.7950576506128 1.46146553232741 -1.94386797633141
3.51877699500132 0 -2.6585163452661 0 2.28798239071147 4.32462356749426 -2.6585163452661 4.32462356749426 5.95186359169223
1.89942835733083 0.481583110428071 6.10991756302877 0.481583110428071 -5.42386341130163 -0.656459658907538 6.10991756302877 -0.656459658907538 -4.97994601900759
-3.63595275150828 1.55250085359378 0.690236357616934 1.55250085359378 -1.24879685624233 0.0148666292409801 0.690236357616934 0.0148666292409801 4.74457853204994
-6.28700306197852 1.55895149215998 5.90046500727219 1.55895149215998 -4.47974566712639 -1.12889590811585 5.90046500727219 -1.12889590811585 -3.57099726036647
-5.65528115850035 5.7661690243533 -2.24209855590473 5.7661690243533 2.42330555620101 -2.27996270522037 -2.24209855590473 -2.27996270522037 -3.75936911062434
-5.18588834510098 -2.42515000971608 -2.78695617332778 -2.42515000971608 9.66127328195001 2.76860368676777 -2.78695617332778 2.76860368676777 -0.159928811451547
-0.382788880100977 -3.72184593557639 -1.08111994515006 -3.72184593557639 -5.54267952740807 0.0232777021683027 -1.08111994515006 0.0232777021683027 -0.323301419004204
-9.16000572288466 3.66048500774628 -3.33639264947636 3.66048500774628 6.04972402103847 1.76366539151537 -3.33639264947636 1.76366539151537 0.233647979217848
-6.75952413529314 -0.624921690344016 -1.47634338199176 -0.624921690344016 -8.03938558844311 -1.72467470872235 -1.47634338199176 -1.72467470872235 -9.92779523786695
-0.734308135836206 -0.489538757224137 -0.579842023119852 -0.489538757224137 -2.333626502884 1.95815502889655 -0.579842023119852 1.95815502889655 1.18582446531478
0.133583979457354 1.83916514574321 2.16835423797741 1.83916514574321 2.35441763793586 3.12491094802024 2.16835423797741 3.12491094802024 -5.93017451662468
9.51903874978825 1.71846781388261 1.07436061845698 1.71846781388261 -11.2680571025843 -5.36416545755653 1.07436061845698 -5.36416545755653 10.1809670929134
-8.20622278936702 0.883063770393522 4.01297618735044 0.883063770393522 -7.47207805717595 5.89144616046566 4.01297618735044 5.89144616046566 -9.68496271257037
-5.43431835009086 3.90718197902192 1.48663509445712 3.90718197902192 9.14852365819767 -0.671844706148891 1.48663509445712 -0.671844706148891 -5.186545834348
-2.37539169639093 -0.474260648504902 -4.25608047494485 -0.474260648504902 2.94368678382353 -2.85578502569546 -4.25608047494485 -2.85578502569546 -9.4974783316973
-0.307513960323543 -3.14749582919391 -1.38768904784658 -3.14749582919391 -5.21481657086479 0.0542671694688606 -1.38768904784658 0.0542671694688606 0.232573583437974
-1.88235252140561 2.79971464129855 -3.62389099280508 2.79971464129855 5.00511115977707 -3.23665235528819 -3.62389099280508 -3.23665235528819 -1.09959206695971
3.22693839348277 2.55737192567078 -5.34955709178952 2.55737192567078 3.11766886574956 2.10634451332521 -5.34955709178952 2.10634451332521 0.260386959704661
1.3717258554195 -1.21988378136743 -4.71739867351583 -1.21988378136743 -6.26412895326652 2.22615922127179 -4.71739867351583 2.22615922127179 3.40229189655643
-2.18408345439015 -0.716060237558049 -1.4061907172101 -0.716060237558049 9.99492437438268 -3.23523594796422 -1.4061907172101 -3.23523594796422 -2.70467320927219
-4.11857226870852 0.895568179795025 1.53860696005483 0.895568179795025 -3.61872026138106 5.48275170537303 1.53860696005483 5.48275170537303 -2.30921213801799
-5.99269328621575 2.77488914410703 -5.14955389242939 2.77488914410703 8.11388258387449 -1.45148047537906 -5.14955389242939 -1.45148047537906 -0.312175028712041
-0.529604430737678 -2.04475094123156 -1.84366053707928 -2.04475094123156 9.34771730193006 -2.5922743188739 -1.84366053707928 -2.5922743188739 -2.77146378792048
1.22473895781865 -0.499632001620579 -2.47766228495949 -0.499632001620579 -2.62370856235627 -2.0062146526611 -2.47766228495949 -2.0062146526611 1.1120014805299
-3.47871281601714 -2.23106170424279 0.245171615850856 -2.23106170424279 -10.4088971574013 -1.87147666766153 0.245171615850856 -1.87147666766153 2.44081964224852
-0.254359953022228 -5.47912102887677 0.347798303112026 -5.47912102887677 -6.40052698115117 0.0830563111909316 0.347798303112026 0.0830563111909316 -2.66039746783453
-9.3318031846792 2.0788670460919 0.632698666201883 2.0788670460919 6.83314559498034 -3.47281267893033 0.632698666201883 -3.47281267893033 -0.0401713438858338
-1.80791384226645 1.52609900291712 2.3452726461105 1.52609900291712 2.55305138359687 3.02592713097964 2.3452726461105 3.02592713097964 -6.4912943504362
-4.17638798365369 2.93636779848336 -2.1948357277515 2.93636779848336 -8.17173302027252 -1.80546938960801 -2.1948357277515 -1.80546938960801 -1.33426171924328
