-7.65916528370314 2.188660336905 -1.46674619436565 2.188660336905 1.75551185138139 0.907549207763747 -1.46674619436565 0.907549207763747 3.29330356453663
11.7176811035007 -3.10163574500281 -3.13502445840511 -3.10163574500281 5.45641869021741 2.25461680500771 -3.13502445840511 2.25461680500771 16.486995217913
6.59072474460403 -3.4238749384863 -1.93237873240596 -3.4238749384863 -2.73534775907563 3.21375220253536 -1.93237873240596 3.21375220253536 7.69386910834647
-1.43586973663116 -0.914995611480823 -3.66592397586797 -0.914995611480823 -8.86476267746356 -0.89321000168366 -3.66592397586797 -0.89321000168366 -0.386199446404243
-7.45359459416283 -1.94751382917053 -0.560108143958598 -1.94751382917053 1.77334592574878 0.914381492964213 -0.560108143958598 0.914381492964213 1.52396915494036
4.92687717069374 -3.11841902321582 0.837700302510499 -3.11841902321582 3.03221272810288 5.88076856661733 0.837700302510499 5.88076856661733 3.77808458581917
13.6281252712946 2.41491824955269 1.73988204593757 2.41491824955269 -0.680740734913277 3.45314294581707 1.73988204593757 3.45314294581707 7.6668900647216
3.03455288231777 -4.79424586499854 -2.02818620396796 -4.79424586499854 1.78287225358326 3.34167822177578 -2.02818620396796 3.34167822177578 6.67949323173447
0.286077272434393 0.492132930201822 -2.46466573174246 0.492132930201822 -7.70408095206186 -3.30089160501222 -2.46466573174246 -3.30089160501222 -13.1335475072153
2.12269878936469 -4.94073112210635 3.24488986909252 -4.94073112210635 -7.26623552828931 3.44962696797574 3.24488986909252 3.44962696797574 -8.46761737267952
-8.15196349028172 -1.08508091437066 -2.03372729333911 -1.08508091437066 0.283528018882706 6.4444000081385 -2.03372729333911 6.4444000081385 7.73413272561247
13.9056818452965 -2.41159635138084 -4.41906704761991 -2.41159635138084 -4.60327316019616 0.958623647080457 -4.41906704761991 0.958623647080457 12.9790123197854
-13.950926921551 -2.69006110235387 0.103863363025246 -2.69006110235387 3.51265893751382 4.65931046531254 0.103863363025246 4.65931046531254 -6.17571556548113
8.05610430037246 -2.01643808236868 -0.125424378329152 -2.01643808236868 3.49644574665267 -4.55386973625845 -0.125424378329152 -4.55386973625845 1.49158529920669
-2.12041058333377 -0.0173804146174899 4.14522888627135 -0.0173804146174899 -9.28114140573962 0.121662902322429 4.14522888627135 0.121662902322429 -7.64955498352275
8.82520459157275 -1.78528846469716 -1.56529108573229 -1.78528846469716 -4.76790779721193 6.44806477107632 -1.56529108573229 6.44806477107632 6.64664647598265
-6.77375667348733 -4.03694893843183 1.00608665010866 -4.03694893843183 6.13103743563086 7.18963382739446 1.00608665010866 7.18963382739446 9.32362972825125
4.03382445686257 2.62398095851493 -4.41573624010768 2.62398095851493 5.70397598657627 0.112103458763491 -4.41573624010768 0.112103458763491 12.4852852124559
-2.28584492271636 -2.49727560492223 -5.2578422480631 -2.49727560492223 8.03636055290069 0.949443440849027 -5.2578422480631 0.949443440849027 9.570230313432
3.11483190448391 -3.02633143036022 -2.41259988154591 -3.02633143036022 -6.26621835262761 2.02973913479341 -2.41259988154591 2.02973913479341 5.56591025304012
1.16358759683377 -0.213080673028805 -2.16214212338052 -0.213080673028805 0.493010184654882 2.1454299137312 -2.16214212338052 2.1454299137312 -14.5542455783499
1.77119896043581 -0.616155343059886 -6.07239912050981 -0.616155343059886 0.800407583910592 -2.09413568364727 -6.07239912050981 -2.09413568364727 2.90246809512133
18.2326974724748 2.80503038038074 -3.95215585460322 2.80503038038074 13.8038141480649 -0.938557206182024 -3.95215585460322 -0.938557206182024 8.4108346458761
-0.096511645744461 -7.35298101015612 -3.77601813975204 -7.35298101015612 -4.0273505505449 4.45562097853595 -3.77601813975204 4.45562097853595 -9.0238388771071
-17.6497349173323 -6.82900385131759 -2.80537472081864 -6.82900385131759 -1.63297931510339 -2.99479234589168 -2.80537472081864 -2.99479234589168 0.131595402682324
14.2538324146635 4.37379627534344 0.529898132039655 4.37379627534344 3.25203611679175 2.75632496101272 0.529898132039655 2.75632496101272 -2.16446293450069
-9.21443254630185 0.65701141555309 -0.146454557027314 0.65701141555309 -3.29522753311457 -0.0895000070722475 -0.146454557027314 -0.0895000070722475 -1.32622737752512
-13.9398782351509 4.75223121652873 -0.0477393090244895 4.75223121652873 -10.0881839843114 1.41698949059053 -0.0477393090244895 1.41698949059053 -17.357578767586
11.3424523923176 -1.6223096529347 0.713189267715254 -1.6223096529347 0.674003044214416 -2.1317305584456 0.713189267715254 -2.1317305584456 2.33158029829987
4.34193390015026 0.690298051858319 3.69043958493486 0.690298051858319 6.55987379458261 1.46841508664536 3.69043958493486 1.46841508664536 12.8215715075933
1.26860374580026 -1.97052155439025 -4.21150685153995 -1.97052155439025 -11.677164766757 5.61319593107898 -4.21150685153995 5.61319593107898 -8.13752419683382
-8.6912835734893 -2.19982272542285 -4.37099044540433 -2.19982272542285 -2.55470394665841 -1.41291219137881 -4.37099044540433 -1.41291219137881 1.97058268189182
0.989550689146944 -3.15732907510779 -1.60375456516918 -3.15732907510779 2.05938946666281 -0.335202768940243 -1.60375456516918 -0.335202768940243 8.29175232630025
-3.02192430297984 -3.09940954151778 -2.56329545866065 -3.09940954151778 -5.1956993733146 2.033463962712 -2.56329545866065 2.033463962712 1.97273228926334
-2.48558729691693 -5.99896021565788 1.80512233350241 -5.99896021565788 4.17729880318359 3.82761541920668 1.80512233350241 3.82761541920668 2.85653521100054
-4.7595692529295 -2.61468956653092 7.76942600835677 -2.61468956653092 2.40612910572451 -8.01969856132447 7.76942600835677 -8.01969856132447 6.93518416513112
1.92577478558619 2.74083299359363 -1.11670965263764 2.74083299359363 -0.721166698751676 1.57817643217126 -1.11670965263764 1.57817643217126 1.89980479366439
-12.9348802138919 0.375849041302779 -0.0472766089689031 0.375849041302779 -4.99477373756461 -6.39416136304414 -0.0472766089689031 -6.39416136304414 -13.1428972933551
-15.3934146309608 -0.577452859339001 -1.57251003563943 -0.577452859339001 -12.362286646126 0.535492616964887 -1.57251003563943 0.535492616964887 1.82027527632467
-0.477547520353015 3.76043695943253 3.15900681873689 3.76043695943253 -0.521505869506849 2.8253229865237 3.15900681873689 2.8253229865237 1.94815411022674
-9.00946346975626 -0.895151837314438 2.23188527294694 -0.895151837314438 0.0399621355943946 -3.75444263909337 2.23188527294694 -3.75444263909337 6.95141348664494
-12.8118606715629 -0.36765164746843 -7.34104430869028 -0.36765164746843 -10.5619924375985 1.33873154241222 -7.34104430869028 1.33873154241222 1.51856115258699
-3.21495380856904 0.717320333919382 1.90819197463234 0.717320333919382 -2.31180954413573 2.50362779498882 1.90819197463234 2.50362779498882 1.81228284920579
-3.29687618653755 -0.711326013580223 -3.40477395264242 -0.711326013580223 3.88831579333459 3.58060734925775 -3.40477395264242 3.58060734925775 -7.6767262476832
-5.20506816116989 2.92323021872996 2.78136463736986 2.92323021872996 -3.33084400179279 3.80239720180664 2.78136463736986 3.80239720180664 9.36912269010581
-0.391628928825067 -4.75949034929239 -1.40067285258353 -4.75949034929239 10.7478163681124 2.54558803736293 -1.40067285258353 2.54558803736293 6.85550436121839
2.98517152890127 0.0279734949160762 9.92859258842733 0.0279734949160762 7.58281522903637 1.84425255768131 9.92859258842733 1.84425255768131 6.84751193409951
-12.9117660105489 0.667367664426389 -0.497528588150212 0.667367664426389 -3.39678152552354 -2.13597614752039 -0.497528588150212 -2.13597614752039 -0.22378795932861
-16.5583108835374 2.67146876448528 -5.14912117133774 2.67146876448528 0.625407422052275 3.56062628146056 -5.14912117133774 3.56062628146056 0.363655433908991