2.84448151617373 0.522050689988618 -1.88771941512995 0.522050689988618 -0.452576263564277 -0.575645247515967 -1.88771941512995 -0.575645247515967 -0.00595495083637207
1.55493118037425 0.785674125830126 1.00144134844616 0.785674125830126 11.5740352566319 -2.03806213536233 1.00144134844616 -2.03806213536233 -0.431534445232069
-4.962202468536 0.899995322041028 1.03695113191684 0.899995322041028 -11.8222211596368 -10.142066849196 1.03695113191684 -10.142066849196 -0.550268878965303
7.923766270947 -0.630082619135545 4.73516634986712 -0.630082619135545 5.74950389961185 -1.48212616092111 4.73516634986712 -1.48212616092111 0.995244137043644
-0.976795580028002 -1.5022995676406 -2.84614564283313 -1.5022995676406 -4.04156692763126 0.102292760947491 -2.84614564283313 0.102292760947491 -0.443268630772461
-13.7690834913496 0.768721286854141 -2.02729020760272 0.768721286854141 -8.34680968249827 -1.05244491638706 -2.02729020760272 -1.05244491638706 -7.87151197832347
-0.98521536109076 -0.674225663776758 -0.251279675429714 -0.674225663776758 8.69527193689951 -1.758957728008 -0.251279675429714 -1.758957728008 1.44050427795846
-9.72476480774466 1.88148712750044 -2.19881629774288 1.88148712750044 6.37656726345436 -2.53613470705571 -2.19881629774288 -2.53613470705571 1.47420638144125
0.224410132581487 -1.24844257666023 -6.60333263688053 -1.24844257666023 11.0347878986621 3.01534994238803 -6.60333263688053 3.01534994238803 7.54740284980955
16.1458928590024 -3.51167671233336 -1.01660230503179 -3.51167671233336 3.18176971430621 -1.49313463551544 -1.01660230503179 -1.49313463551544 8.57758194870569
7.14676348056552 -0.6141749866111 -0.351997521970788 -0.6141749866111 -0.543775482216942 1.01957902915677 -0.351997521970788 1.01957902915677 -1.99546181420681
8.69269076517901 4.95051082822208 -2.63541134043174 4.95051082822208 1.78645472286183 -7.11456895460427 -2.63541134043174 -7.11456895460427 -1.58333013338192
7.62173389846397 1.60673160116917 -1.42694152115166 1.60673160116917 -2.2416864407247 -0.097860423300672 -1.42694152115166 -0.097860423300672 -2.63312813392738
-8.26349954047029 2.76071767943477 0.431103061052877 2.76071767943477 -6.38985931358664 2.96383354473853 0.431103061052877 2.96383354473853 -0.082904434817861
-0.155792832093603 -2.78377192083043 1.91051209883208 -2.78377192083043 -2.80837078905573 1.88181341923589 1.91051209883208 1.88181341923589 -0.608821988576316
13.1817573695892 2.26288367963639 -2.05361293284075 2.26288367963639 3.84276283401668 -2.1042058606375 -2.05361293284075 -2.1042058606375 11.9192338532067
4.11995088524396 -1.67981849819347 -1.87702491311576 -1.67981849819347 3.81820131060383 -0.218590243046392 -1.87702491311576 -0.218590243046392 0.864857048574857
4.24389403199809 1.95890891482754 0.725703427770904 1.95890891482754 -8.68882752709487 1.03461772472744 0.725703427770904 1.03461772472744 -2.43944226564882
-5.6744043513522 2.18935618165702 -0.363278127487337 2.18935618165702 -5.4564374748598 -4.95026995056077 -0.363278127487337 -4.95026995056077 2.3419329952017
-4.276783492336 1.41504055184921 2.66933639384981 1.41504055184921 -4.27191244052241 5.84282665040665 2.66933639384981 5.84282665040665 2.87635609592758
10.7748033803657 0.281160694268802 -0.932365140994609 0.281160694268802 15.1264453516616 1.25161857448693 -0.932365140994609 1.25161857448693 19.2803678669877
6.4631640830509 0.0353178365194038 0.905251914997351 0.0353178365194038 5.82558419220061 -0.141271346077615 0.905251914997351 -0.141271346077615 11.9188404085483
13.1726379800942 -0.321981916949615 2.96581121279145 -0.321981916949615 18.3315038049981 2.40055406970213 2.96581121279145 2.40055406970213 18.9504246009123
25.1102849602243 -2.84291006781592 0.166388065643097 -2.84291006781592 20.6034942359774 3.72136748965206 0.166388065643097 3.72136748965206 27.4593981880672
13.4931072142801 -1.5632148291059 0.893523487768383 -1.5632148291059 11.4226598597946 6.38463146714499 0.893523487768383 6.38463146714499 18.8019003001929
8.24741981851658 -0.236107592249979 0.210680620776905 -0.236107592249979 2.42827577567863 4.94191352701688 0.210680620776905 4.94191352701688 12.775236952972
24.1532656271342 3.41720531043838 0.460283943806428 3.41720531043838 17.3690026732869 3.39750444124823 0.460283943806428 3.39750444124823 19.715197095024
19.2129296889537 2.93139439241907 2.29054454667896 2.93139439241907 16.785957724134 5.03883898317229 2.29054454667896 5.03883898317229 20.2056186656884
12.9704611278943 -0.719348357392484 1.37582307943447 -0.719348357392484 2.80342444680464 1.80484317947317 1.37582307943447 1.80484317947317 14.7679074090909
16.5586633512234 4.0171085167368 0.0606290634263856 4.0171085167368 17.7937639861666 1.54690724685035 0.0606290634263856 1.54690724685035 19.5502745665768
26.318194469693 -0.394836308195794 2.03757269137738 -0.394836308195794 10.1679405239045 0.670135018497448 2.03757269137738 0.670135018497448 6.23587802347761
20.3840977361021 -0.15611060766205 2.86920530634043 -0.15611060766205 23.6193555017881 2.84408405913045 2.86920530634043 2.84408405913045 19.9372984107246
13.0041203870392 1.22737937694698 0.976161375817484 1.22737937694698 16.3076371018921 5.11587515157288 0.976161375817484 5.11587515157288 21.8936487984359
21.2126512030071 -3.25959308093908 0.319815950846018 -3.25959308093908 10.273861562206 1.89359952817303 0.319815950846018 1.89359952817303 18.0361741318924
21.9804604682815 0.407310223241887 3.28885140784348 0.407310223241887 20.6870718646537 2.13659222367235 3.28885140784348 2.13659222367235 21.7928833917885
25.3843547597059 1.18361538826113 -3.58298051921582 1.18361538826113 9.7599175378938 6.35367596805635 -3.58298051921582 6.35367596805635 23.6776634909613
24.0186047655978 -0.900343212878077 -1.02972324150032 -0.900343212878077 17.9182477996011 0.85071799642023 -1.02972324150032 0.85071799642023 22.8931757495002
18.9618271111738 3.16296545413256 1.7437997988852 3.16296545413256 22.0573821966821 2.24760360649801 1.7437997988852 2.24760360649801 25.5254682666929
17.9554801641902 -0.0611525919645863 -5.49833745987472 -0.0611525919645863 17.4806482736416 2.99108118932668 -5.49833745987472 2.99108118932668 13.1532030893241
18.4780324937529 -0.70958806484857 1.10300524510638 -0.70958806484857 12.5318641528699 2.54373848057108 1.10300524510638 2.54373848057108 23.5978451135464
24.0575483849336 2.87302853628094 -2.37792802122372 2.87302853628094 14.3235831491189 -1.42025184246341 -2.37792802122372 -1.42025184246341 17.1098787484555
8.82617593914117 2.05165847700095 -3.09954855934014 2.05165847700095 8.06140001939888 3.0554268716627 -3.09954855934014 3.0554268716627 24.6952762737937
5.55026571140968 -1.60462381612523 -0.694960314730292 -1.60462381612523 11.6335226669079 3.03974511646258 -0.694960314730292 3.03974511646258 11.6184557766156
26.6149560788846 -2.0765099935794 1.87317755919944 -2.0765099935794 17.3930204488202 -3.03019309288363 1.87317755919944 -3.03019309288363 25.2618057191171
11.5001220865444 0.708849230179969 -0.891072682668393 0.708849230179969 27.6086752865211 6.61471132532979 -0.891072682668393 6.61471132532979 16.7736688015594
8.9825739456349 1.01160101155116 0.243670316651009 1.01160101155116 11.5835699771597 4.82725665183627 0.243670316651009 4.82725665183627 18.7256946371805