-1.35243714904419 1.15434056844278 0.337497878061659 1.15434056844278 6.35131876323282 -3.19644729439557 0.337497878061659 -3.19644729439557 -2.79291722280011
-2.35369196844044 -1.06697447117061 -4.34602873840662 -1.06697447117061 10.7478755654303 -1.99233676996618 -4.34602873840662 -1.99233676996618 3.34009399670801
-6.06336300578978 3.94663049785528 3.26672645515612 3.94663049785528 -0.377134273684691 -1.3677757108987 3.26672645515612 -1.3677757108987 -0.225749389177456
-6.98967735480266 -2.88104263966551 0.875709004978136 -2.88104263966551 2.15928247802828 -0.167944192735533 0.875709004978136 -0.167944192735533 2.7750778513919
-11.7276809850201 1.85972262253597 -1.40881780790993 1.85972262253597 1.97816305771424 -4.55476199843447 -1.40881780790993 -4.55476199843447 -6.50175652057549
0.319495077418121 0.541434406006282 3.22665639255095 0.541434406006282 -7.22644209457934 -2.51937721353374 3.22665639255095 -2.51937721353374 -2.30231567238707
-8.96920439659433 -0.946734063341039 3.12642411614948 -0.946734063341039 -12.6295424903257 -1.87695532325171 3.12642411614948 -1.87695532325171 -14.355130448799
-9.67456083459784 0.159547488511199 2.35731414275297 0.159547488511199 -6.48759975158664 1.3940461808666 2.35731414275297 1.3940461808666 3.37044069479908
-11.2117405369644 -0.233287149710979 2.95696447026822 -0.233287149710979 -7.12423064886605 0.923179062531481 2.95696447026822 0.923179062531481 5.89997158969903
0.780638728441493 3.53369131074516 1.69398604071804 3.53369131074516 -3.59354027992567 6.6926760318384 1.69398604071804 6.6926760318384 -10.1873354061615
-1.31811427933926 0.832076148280293 -3.94377679169041 0.832076148280293 0.596981617496337 0.409434295185541 -3.94377679169041 0.409434295185541 -1.32868032566663
1.53011105590588 0.0613863276514988 -0.0409242184343326 0.0613863276514988 0.170517576809719 3.21027757940431 -0.0409242184343326 3.21027757940431 -1.56194100357703
-6.8643468795647 5.29012332851786 0.38963340383053 5.29012332851786 3.2478166950169 -1.95601198701501 0.38963340383053 -1.95601198701501 0.549147750365176
-4.08730539703554 1.42707621526667 4.39559363866109 1.42707621526667 -6.6853796913799 4.69393709829872 4.39559363866109 4.69393709829872 0.619062678748083
-14.8276726714049 -4.09160473314529 1.13310137685914 -4.09160473314529 -7.18261875164169 -4.50536251514874 1.13310137685914 -4.50536251514874 0.0459730868892729
-8.82288602922048 -0.473490295483907 3.15201388563415 -0.473490295483907 -12.3740632453498 -2.60694947571663 3.15201388563415 -2.60694947571663 -14.3836441506013
-2.24038926632676 0.955604632238059 4.61097659308698 0.955604632238059 -1.00473597579786 -1.03912791628971 4.61097659308698 -1.03912791628971 -0.994909707085897
-8.74566104166685 1.2175121241165 4.23575961944283 1.2175121241165 -2.27376436424405 -4.29220057883895 4.23575961944283 -4.29220057883895 -2.88923958813518
-4.7478629990879 1.2044431587926 -1.0666213048014 1.2044431587926 -2.5307288261861 1.65985450241567 -1.0666213048014 1.65985450241567 -2.26107737272507
-0.903434683797378 0.12258995709345 -3.5311237641048 0.12258995709345 -0.751529736964191 0.612949785467248 -3.5311237641048 0.612949785467248 -3.09406391707598
4.65517342019125 4.81569664157716 0.546296769555258 4.81569664157716 -1.36444738178019 6.10764966531211 0.546296769555258 6.10764966531211 -6.52449222407228
2.15810038613191 1.6578134784377 4.88760689722829 1.6578134784377 -3.21753148477849 1.57688471395775 4.88760689722829 1.57688471395775 -21.6619326257991
-0.574041073412223 3.34527384160916 -4.99069329772609 3.34527384160916 -1.76666088972555 -0.37609587568387 -4.99069329772609 -0.37609587568387 -0.408261970314728
3.84928746477437 -2.87146700337122 4.03245268088735 -2.87146700337122 -4.52840772759328 -0.132442540881695 4.03245268088735 -0.132442540881695 -4.26352264582989
-3.28412089734071 -0.733062700299265 -2.18452684689181 -0.733062700299265 -2.52906631603247 2.93713788586572 -2.18452684689181 2.93713788586572 -0.354313638477978
-2.32803373958707 0.398290109664294 -0.00280485992721334 0.398290109664294 -4.79070075568038 3.16668685782386 -0.00280485992721334 3.16668685782386 4.79631047553481
-6.34857695640393 1.70096056597008 -3.82087693636629 1.70096056597008 3.15613372667683 -2.53607913612616 -3.82087693636629 -2.53607913612616 -2.08639990604212
-0.772700202916355 0.409531107545668 0.394077103487341 0.409531107545668 -2.75081272238222 0.378623099429014 0.394077103487341 0.378623099429014 5.74373817501157
-8.05993486514118 -0.47575038382435 -4.28175345441915 -0.47575038382435 3.12159023772468 -2.26190094765612 -4.28175345441915 -2.26190094765612 -7.29483921864003
-3.91393470144937 3.27638181611893 5.51643249430693 3.27638181611893 -1.76250141272814 1.78711735424669 5.51643249430693 1.78711735424669 -0.401239846752356
6.7647563697991 -2.08728498598998 -1.11077739020519 -2.08728498598998 5.59782979283628 -1.99451676439042 -1.11077739020519 -1.99451676439042 9.52094905890166
-3.76153029732189 -0.027496566500891 0.082489699502673 -0.027496566500891 -4.71841081155289 -2.40319991217787 0.082489699502673 -2.40319991217787 -12.0214988741895
-1.04735975279811 -4.60886225315965 2.52133286028287 -4.60886225315965 0.985045442562983 -4.28770388502476 2.52133286028287 -4.28770388502476 -4.34762149102007
5.12338201677247 1.23185141386879 -1.38965056192636 1.23185141386879 7.08060048219623 2.21682351545396 -1.38965056192636 2.21682351545396 6.05999631492064
-4.28763262927273 1.98907891659831 1.52205331524708 1.98907891659831 -10.575597804092 1.92437055014603 1.52205331524708 1.92437055014603 -13.968566931981
-3.71554921044071 2.6599954574746 -0.720260207906287 2.6599954574746 2.03908148514159 -0.623397628222338 -0.720260207906287 -0.623397628222338 1.64169654284847
6.74009544528738 4.79043848996352 -0.525402931157289 4.79043848996352 1.36759292374765 4.61530417957775 -0.525402931157289 4.61530417957775 -2.60898612383497
2.00249888610783 0.755421076108115 -7.64705580954137 0.755421076108115 5.4778578591527 -1.41166675954282 -7.64705580954137 -1.41166675954282 -9.29505541971019
0.45730932313452 -0.846022247798861 -2.70574682854591 -0.846022247798861 6.31086865925637 3.328195629479 -2.70574682854591 3.328195629479 4.86780368403189
1.00447094977358 1.17106613168725 4.18937883929956 1.17106613168725 -3.2731053387744 1.78354841813455 4.18937883929956 1.78354841813455 -22.0665118161235
-10.817616653491 -0.115653781733176 2.81158331454789 -0.115653781733176 -7.0488985935651 1.07478255783072 2.81158331454789 1.07478255783072 5.02495741323453
-0.80268089841297 2.25455199052671 1.00649642434228 2.25455199052671 -7.78273360122669 1.85446966185065 1.00649642434228 1.85446966185065 6.52461307079884
-1.56042834506701 2.21243831084618 -9.18674715828184 2.21243831084618 10.9425342945935 -0.234430549493635 -9.18674715828184 -0.234430549493635 5.12572628528272
3.1729177099474 2.52999084219317 5.4697862145961 2.52999084219317 -2.43919582651796 0.586486722875042 5.4697862145961 0.586486722875042 -19.4031402417278
8.51429410022758 -2.63213320469893 -1.43040140883823 -2.63213320469893 6.86495370024064 -3.14542350616979 -1.43040140883823 -3.14542350616979 9.64061357691483
-2.96516065802275 -0.607256149521265 -0.407572821075083 -0.607256149521265 -4.76231061403839 -1.75338374704113 -0.407572821075083 -1.75338374704113 -9.05960525772266
-6.24880679197588 5.27753058884231 1.7504029135063 5.27753058884231 1.47402350611057 -0.858092255342939 1.7504029135063 -0.858092255342939 0.247425374239988
1.56684166240456 0.999956402559435 3.82708374994159 0.999956402559435 -7.85123919965766 -2.610591776025 3.82708374994159 -2.610591776025 -0.287092105844315
0.497487779095172 -0.915068194708736 -1.08777120610447 -0.915068194708736 -0.45882292579762 0.690812045582934 -1.08777120610447 0.690812045582934 6.28174983240899
-1.07952637527339 3.30335070833659 -6.10052349404498 3.30335070833659 -1.20187269780438 3.23378123081897 -6.10052349404498 3.23378123081897 -1.98392958300244
-10.1300898429013 1.15450931350901 -2.32777419348298 1.15450931350901 1.9568307678429 -4.31378028693801 -2.32777419348298 -4.31378028693801 -8.44417281288543
-4.98477706759457 2.52871258193559 1.11766301964004 2.52871258193559 -7.45760649854815 -0.905307045908431 1.11766301964004 -0.905307045908431 -18.1871714870925
-2.35966284379575 -1.35918531953902 -6.65927600901615 -1.35918531953902 12.2155865522663 -1.18837208369031 -6.65927600901615 -1.18837208369031 5.73444434634956
-2.4102826310571 2.7927526293985 -6.09305978489784 2.7927526293985 -2.04465093452948 3.27865791031021 -6.09305978489784 3.27865791031021 -1.94602659533453
6.83722474437944 -3.51596451980883 3.89126410338393 -3.51596451980883 -7.49470446598093 0.299110946307974 3.89126410338393 0.299110946307974 -5.58434493154227
-0.47151726157556 0.68482268943117 1.03565398524632 0.68482268943117 -5.41964185775242 2.79823041542163 1.03565398524632 2.79823041542163 5.48980811691545
-3.68149431974285 1.36912918633446 2.07720935712957 1.36912918633446 -5.4843552712138 5.87889440697049 2.07720935712957 5.87889440697049 -13.4143306157273
-8.34534848556442 1.58051776784484 4.16462406739421 1.58051776784484 -2.10646255986112 -3.89896827959007 4.16462406739421 -3.89896827959007 -2.54922220620135
2.02035893644716 3.44736002990863 4.78118923066987 3.44736002990863 0.657107032727961 -2.02281082836033 4.78118923066987 -2.02281082836033 -12.7008001101897
-6.83600000537469 -2.11346989042271 1.40023935668204 -2.11346989042271 -6.24863368347061 1.99022784966605 1.40023935668204 1.99022784966605 -13.205253558522
-1.84688464110935 1.09666915924829 -2.79507365290597 1.09666915924829 0.760635141331355 0.268306231360033 -2.79507365290597 0.268306231360033 3.65209064433753
5.11771320249688 -2.9694729178013 1.96052996855713 -2.9694729178013 -2.33855768855818 -3.19368246207778 1.96052996855713 -3.19368246207778 -2.04395677572978
0.669288846547124 -1.02511329661015 2.13212269680624 -1.02511329661015 -10.5165893018628 1.44588982882754 2.13212269680624 1.44588982882754 -10.5956614018768
-0.406400018291916 -1.33604006013467 -3.08610013890424 -1.33604006013467 6.07314027334982 3.77190016977184 -3.08610013890424 3.77190016977184 4.37388019686674
-3.06818693755839 -1.21732672863878 -1.54456509655243 -1.21732672863878 -12.2230075183107 0.133513254108769 -1.54456509655243 0.133513254108769 -11.759637989345
-7.50972461599909 4.44599435612985 6.86433833849637 4.44599435612985 -6.95088439103505 7.19815882685985 6.86433833849637 7.19815882685985 0.143419172778382
-5.75996814508005 -1.01475059777629 -2.36068611649785 -1.01475059777629 -11.2311430390958 -0.725957346712021 -2.36068611649785 -0.725957346712021 -16.8612866951653
-12.3134962474669 2.21165745573711 -0.989644096047466 2.21165745573711 2.11829480516659 -4.59136768250114 -0.989644096047466 -4.59136768250114 -5.41710845865814
-3.95311180588661 1.04335039089843 -4.88994846778381 1.04335039089843 -3.05742817564899 3.44475082656255 -4.88994846778381 3.44475082656255 -1.97050398652278
-3.90505002243508 4.04977392103012 -6.23560383774138 4.04977392103012 -5.46457479177816 -2.51270630836558 -6.23560383774138 -2.51270630836558 0.102304824868906
0.5961137092508 4.71494053160509 -6.27513937557015 4.71494053160509 7.9310107901557 -0.753114850781875 -6.27513937557015 -0.753114850781875 0.301736568880034
6.26399422573574 0.261490544963019 -0.327452123872609 0.261490544963019 2.69029011124115 2.68793434056581 -0.327452123872609 2.68793434056581 -5.83759973349875
-0.929563465016953 -1.14427241753446 1.60652816236626 -1.14427241753446 7.8255098223438 -1.44486495105896 1.60652816236626 -1.44486495105896 7.30263037327177
-3.90195134284161 0.693680238727398 -1.81251933344901 0.693680238727398 3.28938693848153 -2.32998241475775 -1.81251933344901 -2.32998241475775 -2.45025761744033
3.01669362787646 -1.74880790021824 -1.77195388713289 -1.74880790021824 -5.25928258227397 -1.0878613849887 -1.77195388713289 -1.0878613849887 0.0617226317724084
-4.08052697706672 -1.41655599722005 -6.3692163307842 -1.41655599722005 -8.09498324530788 0.290711118832474 -6.3692163307842 0.290711118832474 0.969918005559253
-5.90923937884739 4.30003870457177 3.00631559246879 4.30003870457177 -0.0291617914613375 -1.07633521211846 3.00631559246879 -1.07633521211846 0.00265107195103068
-1.25246810504451 0.139163122782724 2.30473662994546 0.139163122782724 -2.45366558590592 1.30129727093319 2.30473662994546 1.30129727093319 -19.5902613545364
5.31099384170966 4.91796995468928 0.237882878986022 4.91796995468928 -0.73950547163046 5.78417391621447 0.237882878986022 5.78417391621447 -5.595419023106
1.54869369780283 5.37241597552589 -4.23490168556578 5.37241597552589 5.88700577336498 -1.24338683209925 -4.23490168556578 -1.24338683209925 0.361936364987308
-1.83616700937195 1.13356540834627 -3.18652027230979 1.13356540834627 0.747003932689017 0.240294971354509 -3.18652027230979 0.240294971354509 2.61973756813666
-5.33046237295338 0.713430705429502 -0.940431384429798 0.713430705429502 9.44484967983375 -4.06371751246066 -0.940431384429798 -4.06371751246066 -3.36650114124546
-7.93345457921689 -2.62183687857243 1.26695471113942 -2.62183687857243 1.13906022925784 -0.0119901076763983 1.26695471113942 -0.0119901076763983 3.89278829227066
0.631539364427106 3.64809670739143 -5.81064059164182 3.64809670739143 -0.174630203042344 3.21032510250445 -5.81064059164182 3.21032510250445 -2.2630160558638
-7.42012065203143 -0.66679138425236 -5.5134279334255 -0.66679138425236 -1.02774043936417 -1.3804234855803 -5.5134279334255 -1.3804234855803 -6.87456406491586
-3.98966045398183 1.65836980056125 1.54574706368103 1.65836980056125 -10.8089671720792 2.17080325336626 1.54574706368103 2.17080325336626 -13.1655979412978
-1.70815460659604 -0.51146749681744 3.42609806480582 -0.51146749681744 -4.66928221974964 -2.82408369056136 3.42609806480582 -2.82408369056136 -3.72465803902461
6.00929045287939 -1.06889255514469 0.761145467839297 -1.06889255514469 2.29753168995936 2.48546884251227 0.761145467839297 2.48546884251227 -6.072719241866
5.01462692439508 -3.40752400854157 2.19637398499979 -3.40752400854157 0.323749717831359 2.14047475314402 2.19637398499979 2.14047475314402 -6.35853762359431
2.80668554216866 -3.10049835374555 -1.20875621604876 -3.10049835374555 -6.99738406518633 -0.752573166495178 -1.20875621604876 -0.752573166495178 -2.45617201256817
-11.2748742926233 -2.65369759956742 -0.831117777910843 -2.65369759956742 -6.39239139795093 -3.70128013635536 -0.831117777910843 -3.70128013635536 6.72911435620419
5.78492329152329 -1.62061767641042 -7.11183679356807 -1.62061767641042 3.39333215740306 0.312060685263496 -7.11183679356807 0.312060685263496 -2.71938597158189
5.99972875412463 -1.51172204852835 -7.32019307380971 -1.51172204852835 3.67319638134617 -0.413955084345717 -7.32019307380971 -0.413955084345717 -2.04357573284595
-0.917152606225322 0.471385697054356 0.248502242468872 0.471385697054356 3.89661763706345 0.02305690909505 0.248502242468872 0.02305690909505 7.23474569826902
-3.2575031640981 -1.01094925782355 -1.2225432885308 -1.01094925782355 -12.5101705315684 0.355268989829464 -1.2225432885308 0.355268989829464 -10.6998660466286
-6.04588680495368 -0.185906437051412 1.88524837573263 -0.185906437051412 -6.4072260769691 4.59267451532644 1.88524837573263 4.59267451532644 -14.6211485140153
-4.95076915486345 2.04254840740714 1.97899271661872 2.04254840740714 -4.9463860037746 0.0832798706882741 1.97899271661872 0.0832798706882741 4.83680722655318
0.0542507461858977 -2.51878464434525 -5.81257994848904 -2.51878464434525 -9.62304902583185 0.707843069282665 -5.81257994848904 0.707843069282665 9.79096800212153
3.87943923217182 -3.77843914535293 -0.209769411085392 -3.77843914535293 -7.75110922689604 -1.28969341630278 -0.209769411085392 -1.28969341630278 8.77664856998018
-3.30161793539261 2.15847191539546 -5.795316215302 2.15847191539546 -2.63116520636474 3.34744024421106 -5.795316215302 3.34744024421106 -2.01618158801185
-0.117766446189801 -2.75623597465491 2.24257381574195 -2.75623597465491 4.28719977512232 -0.423458072469709 2.24257381574195 -0.423458072469709 5.38969416498429
-0.400120961869924 -2.96371003917722 -2.09711639814236 -2.96371003917722 8.27787939707777 -2.53745052200927 -2.09711639814236 -2.53745052200927 -2.86920910848433
6.06503374587252 -0.639444452440234 0.840481912866519 -0.639444452440234 3.2577757141368 -4.43493481976541 0.840481912866519 -4.43493481976541 8.0778304882128
-0.72088117870756 3.68863256046583 -5.38802942848434 3.68863256046583 -2.03382628082099 -0.75804000235228 -5.38802942848434 -0.75804000235228 -0.359201961898956
1.03153143320415 -2.30866558859976 -5.58164502327757 -2.30866558859976 -10.9926607869274 1.21250186008207 -5.58164502327757 1.21250186008207 6.38825606879059
-1.18962145824366 1.52458733468494 -3.25606535776009 1.52458733468494 -1.59355089748168 1.12065789544693 -3.25606535776009 1.12065789544693 -0.270928282415741
-11.435228117267 -2.62371453086179 2.985606190291 -2.62371453086179 -11.6298819643842 -2.13570911132846 2.985606190291 -2.13570911132846 -11.7943781732157
5.37704527113769 -4.31408068041134 2.60555954556093 -4.31408068041134 -13.0070569553027 1.43889109232469 2.60555954556093 1.43889109232469 -8.97816189679354
-3.95942691083113 3.0170108125073 -6.50096534793975 3.0170108125073 5.95086726339778 -4.0255239675009 -6.50096534793975 -4.0255239675009 -1.99144035256665
6.20641662567443 -2.31249942777844 -0.785523908763305 -2.31249942777844 -14.3546068740014 1.76029945231117 -0.785523908763305 1.76029945231117 -5.9653152279352
-13.6147979090521 -3.67591356654504 2.5761413562127 -3.67591356654504 -10.04804287455 -3.3184193741045 2.5761413562127 -3.3184193741045 -8.27694569215374
0.0852404085960309 -2.80260131293011 -4.80962547896392 -2.80260131293011 -8.54987128645037 -0.180812987930975 -4.80962547896392 -0.180812987930975 10.673132373297
3.9585824644184 -3.04648802524831 1.46768496049197 -3.04648802524831 -0.956078688774735 2.29875578196928 1.46768496049197 2.29875578196928 -6.19714927324447
-10.131097464083 0.134168588037856 -6.87819373777745 0.134168588037856 -6.38806767127181 -0.74477257033259 -6.87819373777745 -0.74477257033259 -4.83280730381258
-1.65827668779325 -0.217039154725881 1.7948406503174 -0.217039154725881 -2.08260042849328 1.06080935175009 1.7948406503174 1.06080935175009 -18.2946936938602
-6.94171043623557 1.94410561199221 -8.07243852880717 1.94410561199221 -11.4139533872794 -0.338685065463664 -8.07243852880717 -0.338685065463664 3.95754832400061
-5.17967468421569 -0.577434615378455 -0.252088992534624 -0.577434615378455 4.75521714977705 -2.82899869399967 -0.252088992534624 -2.82899869399967 -6.16432997984238
-6.63276717313088 0.679259288814608 -0.907010932711271 0.679259288814608 -3.59008512352897 1.24464275568088 -0.907010932711271 1.24464275568088 -2.45732036835873
8.07018463366657 -3.21187076255707 2.25013891502167 -3.21187076255707 -9.72708134925745 0.0705618475093904 2.25013891502167 0.0705618475093904 5.33133958959839
-4.65957459413703 -1.60221252655542 2.68841457756965 -1.60221252655542 -8.94246154112898 -0.557291313584495 2.68841457756965 -0.557291313584495 0.745635137157033
3.22444214285217 2.82690818003478 5.51639721242898 2.82690818003478 -1.98521590073623 0.105518274081159 5.51639721242898 0.105518274081159 -18.303739683055
7.01439092176273 -3.0921427436173 1.57720032560345 -3.0921427436173 -14.6098556476951 1.95593593010691 1.57720032560345 1.95593593010691 -8.52673926029367
6.29556820424926 1.55204064172299 -1.54967832719982 1.55204064172299 2.83477742780454 2.87257446017527 -1.54967832719982 2.87257446017527 -5.41914951615302
1.93229533299154 1.35091544615054 -8.0230424384058 1.35091544615054 5.76094615142446 -1.47141964087759 -8.0230424384058 -1.47141964087759 -8.06955282935308
-12.0634240315835 3.50373765371574 0.659382539156322 3.50373765371574 6.01021041125406 -3.88257544795151 0.659382539156322 -3.88257544795151 -0.917401793608796
-0.760088200320842 0.444810458065573 2.81550355874473 0.444810458065573 -2.75929124811007 1.50551231960656 2.81550355874473 1.50551231960656 -20.6323620164262
3.39823926745443 0.273841230301393 -5.9019305159243 0.273841230301393 3.36955113856571 -3.86246535310822 -5.9019305159243 -3.86246535310822 2.22202598301702
-6.09867175363042 4.52466181074361 6.42679608341717 4.52466181074361 -4.26561628722775 4.97614115172838 6.42679608341717 4.97614115172838 -0.13815761254179
-0.00531499067546499 1.63701712804322 -1.93731410120699 1.63701712804322 -4.55494700887349 6.11223927678473 -1.93731410120699 6.11223927678473 -11.8497717109492
-8.54845899396612 -2.21218903708022 -1.04603508766916 -2.21218903708022 -1.55153529749971 2.6376100057495 -1.04603508766916 2.6376100057495 2.35733266168504
5.93481553616239 2.15159475631265 4.45783538573527 2.15159475631265 7.53506413616992 5.8832669117924 4.45783538573527 5.8832669117924 0.309291746219943
-2.79361074459139 -0.490352939120855 0.554799325405311 -0.490352939120855 1.03114218055128 -0.423104536041424 0.554799325405311 -0.423104536041424 -5.27899964173538
-3.37325210656326 -1.45884595397037 -2.23303496203407 -1.45884595397037 -11.6181017128471 -0.439760422947747 -2.23303496203407 -0.439760422947747 -14.4804944059261
-0.253930403626072 3.49992754431784 -5.99371575351351 3.49992754431784 -0.697110825048933 3.21964587239095 -5.99371575351351 3.21964587239095 -2.08414576561021
-2.02378857537003 -3.4406945039227 -4.72048050390575 -3.4406945039227 5.54320007532343 6.44463664277181 -4.72048050390575 6.44463664277181 2.19391885711381
-3.38265214492637 0.526003807482347 -1.40733997427458 0.526003807482347 3.06089449673238 -2.18795200771912 -1.40733997427458 -2.18795200771912 -2.74193474113138
-1.90707543359005 2.29152565362412 1.26969743721778 2.29152565362412 -9.55055283453054 1.9981294330718 1.26969743721778 1.9981294330718 4.63869541804264
-3.30889743532326 1.55360422732739 -1.10030325097351 1.55360422732739 -1.72334247838502 1.95498526806365 -1.10030325097351 1.95498526806365 -1.8511453968284
-3.47290342835091 -0.462908905030503 2.06461718206093 -0.462908905030503 2.5905512431754 -0.393363905213714 2.06461718206093 -0.393363905213714 -7.38263638680103
-0.672316937418639 -4.5483078221809 3.30177001294563 -4.5483078221809 0.497658088907747 -4.89762551920268 3.30177001294563 -4.89762551920268 -4.0004054069892
-1.99322277116079 -3.06473870674022 -4.4485685287563 -3.06473870674022 5.53024101348814 5.89079850839876 -4.4485685287563 5.89079850839876 2.51882418979809
-4.07158542604543 1.67972250466133 4.95918072804773 1.67972250466133 -12.5063210139684 -0.00774065670350843 4.95918072804773 -0.00774065670350843 -7.02335584898331
3.40443572823853 -0.93015929726641 -5.04077828801882 -0.93015929726641 0.785233627720652 4.07372882032258 -5.04077828801882 4.07372882032258 -5.84182198878083
3.00623776447007 -4.01441133274587 0.835791559192373 -4.01441133274587 -2.41595997579045 -2.98534297549026 0.835791559192373 -2.98534297549026 -3.87337150713216
-6.82114277403641 1.63217217867919 -6.57603841955899 1.63217217867919 2.13630727141116 -1.24223343291966 -6.57603841955899 -1.24223343291966 0.760380554231091
-3.0256868874915 2.13832157342887 1.39079893063685 2.13832157342887 -11.1441896032565 2.02390484238927 1.39079893063685 2.02390484238927 2.47394398447834
7.46806333768967 -2.36744678449124 -1.26296337215908 -2.36744678449124 6.15146059451225 -2.40645723614094 -1.26296337215908 -2.40645723614094 9.55024619449247
-4.45837054920531 -0.826479744872832 -4.74070835024882 -0.826479744872832 7.14827978096533 -1.15758498427841 -4.74070835024882 -1.15758498427841 4.54563859680058
-9.10927122473712 0.880239861255626 4.30429216558944 0.880239861255626 -2.40921919212167 -4.64615902301899 4.30429216558944 -4.64615902301899 -3.16294139747817
5.26038576283287 1.04135729802805 5.12000671530458 1.04135729802805 -7.46561298218639 -2.8203426821593 5.12000671530458 -2.8203426821593 -2.33794922792572
-1.10366753736368 -0.279445233245536 1.84320946777106 -0.279445233245536 -10.8588465888442 1.86014554251321 1.84320946777106 1.86014554251321 -11.0479660901316
-8.87648470391411 -0.37983097337679 3.17076290818885 -0.37983097337679 -12.1325719611949 -2.91478986091319 3.17076290818885 -2.91478986091319 -14.1170511771707
3.67573781838073 -3.85586985635535 1.05468613538765 -3.85586985635535 -2.3678225861302 -3.1196780489808 1.05468613538765 -3.1196780489808 -3.37029653659767
3.20200145214851 0.039914145525397 8.51501771208469 0.039914145525397 3.2840471957285 5.21988325371025 8.51501771208469 5.21988325371025 1.12868333735706
-2.69163653651786 3.39121395891236 -0.957577606539994 3.39121395891236 2.55519413144092 -0.955096835538595 -0.957577606539994 -0.955096835538595 1.57528958588833
-0.0168482773057326 0.49421613430149 1.96282430611785 0.49421613430149 -5.13872457824845 2.22678065057433 1.96282430611785 2.22678065057433 3.9256486122357
-5.26656002294351 0.980723054125844 3.95892928410905 0.980723054125844 -7.45967299437453 -1.33594557766749 3.95892928410905 -1.33594557766749 4.95509679578018
6.02096472515198 -1.27031162381071 3.09247993665394 -1.27031162381071 -2.08247807182083 -2.82696398249678 3.09247993665394 -2.82696398249678 -0.380052248107302
-4.2477243221798 3.01277115764539 3.60194672989202 3.01277115764539 -7.46889382634037 -0.684369878679483 3.60194672989202 -0.684369878679483 6.98520383689773
-9.32696420731594 -0.61022295251807 2.05024699109628 -0.61022295251807 -12.7099994043303 4.26900743351553 2.05024699109628 4.26900743351553 -6.67670720014541
-7.33096210712102 0.695269298676812 -1.5610260882169 0.695269298676812 -8.51105520794028 1.77147158475126 -1.5610260882169 1.77147158475126 -17.0727238897306
-6.58106125436729 2.38880537695585 -6.47792729993629 2.38880537695585 2.0905531303581 -1.43551314951256 -6.47792729993629 -1.43551314951256 1.08987503196002
0.535821108768485 1.3889731654484 -1.75312343354349 1.3889731654484 1.39937745882255 -4.65071913824296 -1.75312343354349 -4.65071913824296 4.77557065873271
-7.98771436473079 0.504999913302942 3.71444098668001 0.504999913302942 -13.9579925275864 3.61959328722718 3.71444098668001 3.61959328722718 -10.3178916296667
3.34729522749007 1.37324932409849 1.40938746420634 1.37324932409849 3.5370204630563 4.2100933225651 1.40938746420634 4.2100933225651 -0.275553318322394
0.89444562053617 1.74404438544657 0.398638716673502 1.74404438544657 -3.93655732715083 1.33294820887702 0.398638716673502 1.33294820887702 9.14875854765687
-4.53620698289246 2.66048668196869 3.71284553392729 2.66048668196869 -7.47972416294292 -0.864529521413423 3.71284553392729 -0.864529521413423 6.82618101282682
4.82861382344795 -0.402166862526222 -6.86556286741193 -0.402166862526222 3.78924751639966 -2.92484990928161 -6.86556286741193 -2.92484990928161 0.801722251919156
-2.51407335352874 -5.30805365937343 -5.83224304280149 -5.30805365937343 6.82972963650925 8.25471048466319 -5.83224304280149 8.25471048466319 2.29523700899081
2.49924711334297 3.42634761269886 5.1162212742232 3.42634761269886 -0.107916460242484 -1.51083044339477 5.1162212742232 -1.51083044339477 -14.2425201051842
-1.74783546248586 0.51090575057279 -0.772469938665079 0.51090575057279 7.49735855027151 -3.00921042562251 -0.772469938665079 -3.00921042562251 -1.1538158577529
-12.7639319845953 2.55195783917907 -0.588275995395176 2.55195783917907 2.35103258723072 -4.57571011911248 -0.588275995395176 -4.57571011911248 -4.29607188186477
-4.29773405753594 -1.4810052276978 2.05345820004366 -1.4810052276978 3.61903034411074 -0.902047107938925 2.05345820004366 -0.902047107938925 -8.11625558897932
-2.3173676240177 2.85099998514471 -7.52187766401341 2.85099998514471 5.78066290798543 -3.15927365989936 -7.52187766401341 -3.15927365989936 -3.51644591754612
-5.02348047625437 1.04830560856727 -2.6277527254753 1.04830560856727 3.48876106531188 -2.50475153407007 -2.6277527254753 -2.50475153407007 -2.17768018419708
5.63586488504077 1.42457185978681 6.86425157477869 1.42457185978681 7.33465010750955 6.32474235714425 6.86425157477869 6.32474235714425 0.390140963165401
3.0120740839361 -0.609272428536987 -4.57877461445978 -0.609272428536987 0.155615035860096 4.73702719330056 -4.57877461445978 4.73702719330056 -6.40659190007075
6.01376794724978 -1.73323637178866 -0.936289887722221 -1.73323637178866 4.96013624592268 -1.57189137808195 -0.936289887722221 -1.57189137808195 9.52913311316245
-8.10504781246649 -1.69827990857923 -3.1714196001455 -1.69827990857923 4.16926327801774 -2.5376915818868 -3.1714196001455 -2.5376915818868 -11.3987658021005
-10.2344635044122 -2.44389170230488 -0.936469418677964 -2.44389170230488 -6.64866607220936 -3.49775329882282 -0.936469418677964 -3.49775329882282 6.73671020558934
-4.80812889327613 2.61445515083626 1.38577343831879 2.61445515083626 -9.34134726639996 0.650808578319757 1.38577343831879 0.650808578319757 -16.6096447941003
1.70452802977263 1.09906800207879 4.0412633173782 1.09906800207879 -7.72994951019572 -2.67229144753227 4.0412633173782 -2.67229144753227 0.308808929787624
-3.37950539391618 -5.01573651223759 -5.96893034129087 -5.01573651223759 6.97564574898084 6.73862161501839 -5.96893034129087 6.73862161501839 2.70666269105504
-0.280895778753333 -2.68355788630417 2.17694228533833 -2.68355788630417 5.026028041265 -0.674651468612917 2.17694228533833 -0.674651468612917 5.868715377525
5.48545332886685 -3.87742445704773 1.0322507919097 -3.87742445704773 -8.00383402973196 -0.98556608272785 1.0322507919097 -0.98556608272785 8.16204332195933
-7.05074940262167 1.26980320995082 -6.28218430186196 1.26980320995082 2.21937096125176 -1.37562014411339 -6.28218430186196 -1.37562014411339 -0.306312177839014
0.273888929536925 -2.44432950322577 -5.88344426939225 -2.44432950322577 -10.0537908002658 0.927604959469397 -5.88344426939225 0.927604959469397 8.94273193516319
-6.78951267368287 2.32177334340491 -5.01469555059931 2.32177334340491 2.52827722250583 -2.24921792642351 -5.01469555059931 -2.24921792642351 -1.30041631974362
2.00577995208504 1.40913924082395 4.63487967162578 1.40913924082395 -5.34551271390016 -3.29122538691584 4.63487967162578 -3.29122538691584 3.3542849742849
-0.0237559331511124 -2.17762720551864 -0.113500569499759 -2.17762720551864 -9.46014049039855 -1.58900797299663 -0.113500569499759 -1.58900797299663 4.05698547258442
3.73118796522886 0.253037137439673 8.3502255355092 0.253037137439673 4.2217248720198 5.54240115953388 8.3502255355092 5.54240115953388 0.87675148498834
4.54469334346187 -2.41216166271998 2.93470253813355 -2.41216166271998 -9.66276937724243 0.926450849381911 2.93470253813355 0.926450849381911 -8.93686124220844
-5.58731269822808 4.35692036088659 6.22593316991435 4.35692036088659 -3.57528835500032 4.23363455554176 6.22593316991435 4.23363455554176 -0.226845881834503
4.01888477487887 0.610891282080553 2.78410452386499 0.610891282080553 -0.925435303917774 -2.85689157024054 2.78410452386499 -2.85689157024054 2.26679658712444
-6.05658477918292 5.11790642420289 2.07774871832657 5.11790642420289 1.08633562430273 -0.762016979183223 2.07774871832657 -0.762016979183223 0.250490010458153
1.63249257643892 -1.38394699386691 2.30751978365156 -1.38394699386691 -10.3118172951185 1.27379611068158 2.30751978365156 1.27379611068158 -10.3033441502581
-3.89674308577952 -4.4173295883984 -5.94336257156549 -4.4173295883984 6.93860147363099 5.12165250370629 -5.94336257156549 5.12165250370629 2.98316481157581
-1.43060907595538 -0.790265404302172 5.57505561748864 -0.790265404302172 -11.020517872857 -4.03772259625772 5.57505561748864 -4.03772259625772 -2.8713823371751
4.2554474771924 -2.12124862070637 -2.89049262601748 -2.12124862070637 -13.3594632302851 1.52294772768663 -2.89049262601748 1.52294772768663 -2.08239791336743
-4.57594469637139 0.929609474051814 -3.72873827819121 0.929609474051814 7.23086815273544 -2.94590924741073 -3.72873827819121 -2.94590924741073 4.85920520093012
-10.1246678064746 -0.0785277791890246 4.5221169395059 -0.0785277791890246 -2.83512361416927 -5.52673094223446 4.5221169395059 -5.52673094223446 -3.63123282387869
-2.04517712445701 -0.107512298059867 -1.94255174903623 -0.107512298059867 8.6498530711802 -2.72934629392889 -1.94255174903623 -2.72934629392889 0.434936114878553
-6.56330759198655 0.127128251876686 -0.570830778034531 0.127128251876686 0.398833731377838 0.830072703430126 -0.570830778034531 0.830072703430126 1.90443106732918
-4.21413172452154 -0.35730160743087 3.05860312176639 -0.35730160743087 -11.0104644275683 -4.16091659149992 3.05860312176639 -4.16091659149992 -2.68863124456846
-4.34064185222444 0.227773692901461 0.165653594837426 0.227773692901461 -13.4722962676376 1.21651858708735 0.165653594837426 1.21651858708735 -6.03859119930806
-12.5689164109416 3.57705453992854 0.687106233300493 3.57705453992854 5.34917330282891 -3.94419488548313 0.687106233300493 -3.94419488548313 -0.750689198173076
-2.21335210860168 -1.10667605430084 0.858586037732302 -1.10667605430084 -1.18937272649036 0.486451012879491 0.858586037732302 0.486451012879491 -15.1261942454878
3.87560593806413 -0.464188543912624 -0.432260231368369 -0.464188543912624 2.70162644605231 -0.375771678405457 -0.432260231368369 -0.375771678405457 9.76023954237443
-3.10418121437614 -1.44301057298264 -2.0580642598277 -1.44301057298264 -11.7701299559495 -0.270728759594193 -2.0580642598277 -0.270728759594193 -13.6547175348722
-3.82649553639024 -0.686806891146966 0.941906593572982 -0.686806891146966 -0.0448526949320468 0.874627551174912 0.941906593572982 0.874627551174912 -4.82166470519503
1.08154790520833 0.784365823146581 3.44926088688062 0.784365823146581 -7.72917005231088 -2.53091953493571 3.44926088688062 -2.53091953493571 -1.37142223115381
1.60805781544456 1.40705058851399 4.56678614355674 1.40705058851399 -3.28965486025397 1.72572058242831 4.56678614355674 1.72572058242831 -21.9906808877335
5.71790527028517 -2.13867891886293 2.59715332777873 -2.13867891886293 -2.27153229871921 -3.0373929590672 2.59715332777873 -3.0373929590672 -1.21652016456637
2.49572596403474 -2.00808181253671 0.292126449246463 -2.00808181253671 -1.60784557498644 2.57393304493537 0.292126449246463 2.57393304493537 -5.05585775939941
7.57651247478495 -3.72713435508645 2.26020917974189 -3.72713435508645 -8.68190821861729 -0.322515464082847 2.26020917974189 -0.322515464082847 7.12395045260418
5.37498464738551 -3.02970668737897 2.08598926124088 -3.02970668737897 1.04649853195511 2.17942663016544 2.08598926124088 2.17942663016544 -6.28599899440001
-8.18310849783435 -1.33465582023802 -3.4562024678247 -1.33465582023802 3.83991601614313 -2.4941380640698 -3.4562024678247 -2.4941380640698 -10.3074356783799
6.15763159468267 2.12430010450443 -2.17161191084084 2.12430010450443 2.79612775448134 2.95225671539146 -2.17161191084084 2.95225671539146 -5.13096539718276
-5.27751483514844 0.159388031934013 1.45473203749298 0.159388031934013 -10.8535659840781 -4.08083961126291 1.45473203749298 -4.08083961126291 -2.41612016661877
-8.99884515091783 -2.79913952480513 -1.24044231403629 -2.79913952480513 -2.33804581615326 3.21262029615056 -1.24044231403629 3.21262029615056 2.50343812469143
-1.5536375667853 0.8711744758846 -1.38819196899119 0.8711744758846 1.43472354337078 0.39551838222654 -1.38819196899119 0.39551838222654 6.14216781810626
4.16547026174157 0.110292623925423 -0.982373836359003 0.110292623925423 -3.59861747365974 -1.48766795062199 -0.982373836359003 -1.48766795062199 1.39276499515128
-10.1696236641278 -0.322411497143224 4.17768795874568 -0.322411497143224 -5.69684721647138 -5.22415917404953 4.17768795874568 -5.22415917404953 -5.62307509424369
2.75774714718643 1.06102002627599 0.938855673570443 1.06102002627599 2.58581213226751 3.90021007526613 0.938855673570443 3.90021007526613 -0.518067347584654
1.82490575436064 0.394942290122824 0.208820061444252 0.394942290122824 0.873866561478663 3.39786556502223 0.208820061444252 3.39786556502223 -1.16212903760279
-4.91784773838837 -3.30258395129866 0.0100078301554505 -3.30258395129866 4.08119313739271 -0.590461979171579 0.0100078301554505 -0.590461979171579 0.730571601347886
-10.2553772647086 -3.23973816919648 -1.0419766789297 -3.23973816919648 -8.31810994417427 4.98985433866094 -1.0419766789297 4.98985433866094 1.23165689960866
-2.94980183548063 0.355431530461139 -1.01311979548766 0.355431530461139 2.76229071311137 -2.00664887669793 -1.01311979548766 -2.00664887669793 -3.1373129578499
-5.03214094272221 4.09077079574871 6.00061860701694 4.09077079574871 -2.90050435337123 3.43033310101338 6.00061860701694 3.43033310101338 -0.298182690533491
-9.86090396757336 -1.71219151945323 3.09733522058394 -1.71219151945323 -12.3453680664269 -1.69020511149878 3.09733522058394 -1.69020511149878 -13.4199537552009
-6.59524604242684 1.92943057380057 -4.21068206265016 1.92943057380057 2.94859433564892 -2.47949978225022 -4.21068206265016 -2.47949978225022 -1.95735286864573
-5.16253613366919 0.356926696455263 -1.51586337952386 0.356926696455263 5.12813356051688 -3.42520618947731 -1.51586337952386 -3.42520618947731 -4.83786184954422
-1.00696460705713 3.95345217647555 -5.72928138498025 3.95345217647555 -2.40332193162159 -1.12353440147015 -5.72928138498025 -1.12353440147015 -0.282743756661363
-7.76041276235305 -2.13291673591746 -0.962737978057506 -2.13291673591746 -7.37478567169466 -3.05310275914369 -0.962737978057506 -3.05310275914369 6.16471445618039
-0.789424843665775 2.48074635012175 -7.91971375419536 2.48074635012175 5.75091754390928 -2.47650213053215 -7.91971375419536 -2.47650213053215 -4.99544645696031
-3.41860003253893 0.0616974575191604 0.173874653008543 0.0616974575191604 -3.69904302126239 2.86893177464096 0.173874653008543 2.86893177464096 2.29963250753234
8.53346963855535 3.39498133013826 -0.966342577403811 3.39498133013826 5.82873300656267 2.53089722653379 -0.966342577403811 2.53089722653379 3.83213630563046
-6.55702013480535 4.65681183849416 -0.679389541557839 4.65681183849416 4.78696309166615 -3.02471512371728 -0.679389541557839 -3.02471512371728 1.64511184009408
-4.28018207622818 2.43425786961777 1.32101684928044 2.43425786961777 -4.18613617470656 -0.196840258998741 1.32101684928044 -0.196840258998741 1.74094273514442
-4.74157229151599 2.51301192716792 -4.92336464369409 2.51301192716792 5.9542342172217 -4.31382558050868 -4.92336464369409 -4.31382558050868 -1.98688347262894
-5.98836887559207 -2.69791224736613 1.20344190625953 -2.69791224736613 -5.59508720687981 0.936010371535188 1.20344190625953 0.936010371535188 -11.6804655607542
-6.38015072651346 2.80857146458244 -4.49773017384426 2.80857146458244 -8.71435221182326 -3.25282271501237 -4.49773017384426 -3.25282271501237 -0.426681991938351
1.38464617470968 -1.66044968105429 3.88939230375768 -1.66044968105429 -3.667060905786 0.247660291411487 3.88939230375768 0.247660291411487 -2.48504587859481
7.54214449363659 4.45695527808566 -0.840014049529689 4.45695527808566 2.93362704759298 3.81217385168825 -0.840014049529689 3.81217385168825 -0.413584899003914
6.98273558143285 -3.47161065689669 3.80183703645515 -3.47161065689669 -8.02139633081332 0.429012048657151 3.80183703645515 0.429012048657151 -6.00052378582305
3.30891327733447 -5.25303030542137 -5.65229192327009 -5.25303030542137 0.858542956027636 1.63097066114672 -5.65229192327009 1.63097066114672 1.60487513056838
-7.28052650710605 4.56206786562042 6.82085986409121 4.56206786562042 -6.32906598258608 6.79120395163864 6.82085986409121 6.79120395163864 0.118623649810282
-9.54785061547192 -2.05252832135197 1.94670730867527 -2.05252832135197 -0.968362097135901 0.203655533830643 1.94670730867527 0.203655533830643 6.15159509541384
3.24682896814618 -2.55223371625421 0.863051907666434 -2.55223371625421 -1.38226762751923 2.43685244517581 0.863051907666434 2.43685244517581 -5.77367880476315
0.210797884212891 4.47822947042968 -6.75778798575513 4.47822947042968 8.43191536851566 -0.642198205392762 -6.75778798575513 -0.642198205392762 0.610333408941976
-4.96214302392597 1.24386515951338 -1.51288096488994 1.24386515951338 -6.97043923436085 3.52384069815032 -1.51288096488994 3.52384069815032 -15.5523097781555
