-3.41873706955678 -1.39164204132516 0.357971849290641 -1.39164204132516 2.25797628014097 -1.98684967239421 0.357971849290641 -1.98684967239421 2.5757027735942
-7.43811861875445 1.07439491159787 -0.780784966120716 1.07439491159787 -4.81520310582525 1.43107662314048 -0.780784966120716 1.43107662314048 -11.8988149015221
-4.28574182817104 2.91033776057892 -1.0110728960826 2.91033776057892 2.49857886260072 -3.33071988155144 -1.0110728960826 -3.33071988155144 3.38892663676301
-1.86454375187768 2.96283664681933 1.14299086159625 2.96283664681933 2.52437087868371 -2.52224240408111 1.14299086159625 -2.52224240408111 4.04197327033758
-13.1588139179981 2.70404481901946 0.957954686287088 2.70404481901946 -3.60321592228439 0.690162808075016 0.957954686287088 0.690162808075016 -4.78324192221076
-3.26620179041948 4.4146404844702 -0.0674312627699506 4.4146404844702 1.54038290890106 2.88690093733851 -0.0674312627699506 2.88690093733851 -0.282368412849168
-6.70513188124752 1.81060401614143 2.47674904017416 1.81060401614143 -8.34100933370823 3.92916360077012 2.47674904017416 3.92916360077012 -5.78781742192375
-8.25473186866298 1.51495481571384 3.9047738890402 1.51495481571384 -5.55261947806227 0.578074863890807 3.9047738890402 0.578074863890807 -6.19271003616359
-0.594760536787518 -3.63702486524741 2.40043641106329 -3.63702486524741 9.83066426812463 0.785169485615177 2.40043641106329 0.785169485615177 1.82920956458032
-5.97231681631911 -1.23945422849754 0.926282519517736 -1.23945422849754 -2.6112345312119 -1.29238465818427 0.926282519517736 -1.29238465818427 7.47642319325029
-1.02139463781756 -2.53220753958938 3.92598563911126 -2.53220753958938 -0.103735392903346 -0.57453448377238 3.92598563911126 -0.57453448377238 -3.27165469925939
1.15083754245769 -4.00101871665135 -2.39651024988406 -4.00101871665135 -4.39573805192637 1.22004158175916 -2.39651024988406 1.22004158175916 -2.05305316594345
1.07951463989025 4.3207439193617 2.05967096715378 4.3207439193617 -0.104729032228158 2.39534094224403 2.05967096715378 2.39534094224403 -1.78844962728085
3.52369690963856 -7.22823260407366 -3.7204920577995 -7.22823260407366 6.8718738222687 -1.6195708814867 -3.7204920577995 -1.6195708814867 -2.36951995961355
-0.78221281407282 0.924896584718025 -6.51249496016328 0.924896584718025 4.25503387459807 -0.810239983306699 -6.51249496016328 -0.810239983306699 3.65881954725918
2.89748904742975 4.45277925244934 -2.08110006080914 4.45277925244934 3.23511432325251 1.40584950916362 -2.08110006080914 1.40584950916362 -5.1501691664439
-1.87097272997374 -0.94821407063295 1.33853037711273 -0.94821407063295 0.173945310496425 -3.7928562825318 1.33853037711273 -3.7928562825318 -6.55052583918244
14.6358611638926 -0.400525277005043 2.12500910855454 -0.400525277005043 -5.32086704799061 -2.95109249237744 2.12500910855454 -2.95109249237744 7.86865283782824
-7.67229881790572 4.61165131103228 2.09385513561443 4.61165131103228 -0.395505970060504 3.63193390807195 2.09385513561443 3.63193390807195 1.77589935576187
4.16989703181382 -4.16715187247753 3.36282018694663 -4.16715187247753 6.22327621535347 2.83025927570773 3.36282018694663 2.83025927570773 3.46988140106166
-7.79470556505962 -1.45393471679868 -0.110391339608789 -1.45393471679868 8.92554367812526 -4.19217843343621 -0.110391339608789 -4.19217843343621 6.65848250859842
-5.34765564993281 2.99244820990604 -0.542515790572894 2.99244820990604 3.95046220516373 0.673839057338555 -0.542515790572894 0.673839057338555 -5.79114078032177
2.09120343038271 2.57669890014995 0.00210171199033438 2.57669890014995 8.66115511216797 -5.14078752835789 0.00210171199033438 -5.14078752835789 4.34213697203082
3.56571312700984 -1.39952647450833 -3.46802235640683 -1.39952647450833 3.83754831477474 -1.01725824171395 -3.46802235640683 -1.01725824171395 -7.29919953396833
-0.0518076344305628 -3.53120836278716 1.88787019864971 -3.53120836278716 -0.717017660518989 -1.77182109752525 1.88787019864971 -1.77182109752525 9.75848602134081
2.58337285329009 -0.844849955307687 -5.70804404477983 -0.844849955307687 -5.42147433632119 1.11231501653575 -5.70804404477983 1.11231501653575 -1.1590152653216
-7.4582941034383 -1.0242695626843 0.623468429460011 -1.0242695626843 -2.70805845040964 -0.277803960065515 0.623468429460011 -0.277803960065515 4.24764375581089
-2.98274313486929 3.46158520814746 -0.885963307386917 3.46158520814746 1.16651835472611 2.4996821886988 -0.885963307386917 2.4996821886988 -2.92367891437683
-10.3723046408109 -0.436705746293044 -3.37197670769554 -0.436705746293044 -13.1728703471379 -2.24436336278962 -3.37197670769554 -2.24436336278962 -5.10576370044106
1.358496297052 -2.0643190992762 -1.83471409132375 -2.0643190992762 -5.06831795332077 -0.582516409064552 -1.83471409132375 -0.582516409064552 5.52752796922567
-5.49589266345556 -0.250107316187071 -0.46140487641408 -0.250107316187071 3.59421462141248 6.54806826948393 -0.46140487641408 6.54806826948393 -6.81326826854436
-3.84814103260649 2.34386771986032 4.3204128866082 2.34386771986032 -0.765255318984245 1.36215446779196 4.3204128866082 1.36215446779196 4.34883665559904
-2.95204327691301 -1.54378733778306 -3.68687757898533 -1.54378733778306 -0.0423535620790962 0.633185753082489 -3.68687757898533 0.633185753082489 -8.34365172958196
1.82952114389897 1.68793788729736 -0.371656048579236 1.68793788729736 -12.0766093404408 2.47549475214384 -0.371656048579236 2.47549475214384 4.2275875525888
-6.92492264634922 -0.95840758281262 5.02522190184563 -0.95840758281262 -2.10507379796343 -1.98527285011185 5.02522190184563 -1.98527285011185 -5.8402962077644
-5.35117081257061 1.55882890996598 3.6115442072479 1.55882890996598 0.266786843148349 4.07676754529998 3.6115442072479 4.07676754529998 -10.6031233776894
-2.78906656864204 0.0988251933770802 -3.0833460333649 0.0988251933770802 3.71363115556983 -3.91567377314075 -3.0833460333649 -3.91567377314075 2.08630963796058
-12.1645529420374 -0.494025734123901 1.2383873783644 -0.494025734123901 -2.6318500992789 1.94287250594915 1.2383873783644 1.94287250594915 -3.27873581391647
-7.71712474117874 2.50795817965964 2.00121320500239 2.50795817965964 -2.01624377628459 -0.876067583305766 2.00121320500239 -0.876067583305766 -6.11529528738927
-1.99673030919814 2.58415223096981 -2.90181387106951 2.58415223096981 2.34212431470337 1.11181574034896 -2.90181387106951 1.11181574034896 -1.66646304845956
-7.36000026664362 3.59488448397967 -5.86546960025374 3.59488448397967 1.25670752852214 -2.87891166892523 -5.86546960025374 -2.87891166892523 3.27945590112352
-4.26559137413878 -0.233375819861696 0.983203685528442 -0.233375819861696 -4.25694782525501 -0.90108997113266 0.983203685528442 -0.90108997113266 -6.22119430909096
0.499358897111654 3.85070480073966 2.05593788601618 3.85070480073966 6.42898462934125 0.819032165973926 2.05593788601618 0.819032165973926 -2.39859420035221
5.23585829325252 2.05232062001426 -0.191012260394295 2.05232062001426 -2.74208711588255 0.280151315244967 -0.191012260394295 0.280151315244967 -3.15806937185235
-12.0409033795435 2.83470247200622 3.05849477242777 2.83470247200622 -7.34784719717403 4.19281456966245 3.05849477242777 4.19281456966245 -7.54092290734163
-2.95704885488292 -1.83695459166969 -0.56324740093008 -1.83695459166969 1.1542304693302 -0.0192016159407982 -0.56324740093008 -0.0192016159407982 -5.77968639818025
1.89668436711765 -3.38292450900484 0.650230062075642 -3.38292450900484 -2.08462461761792 -2.76077747286602 0.650230062075642 -2.76077747286602 -5.94496056754873
-1.72893707555064 0.683140990827327 0.832841640051834 0.683140990827327 1.1680867559208 0.175002167403297 0.832841640051834 0.175002167403297 0.546091100692215
-11.758499407209 1.08697626647433 -0.262834425090105 1.08697626647433 -2.6684376377792 2.40783062307122 -0.262834425090105 2.40783062307122 -11.5869888077858
-4.13730644614251 0.831804918043349 -0.668918837486558 0.831804918043349 -1.91336849294045 -0.864382134154708 -0.668918837486558 -0.864382134154708 -10.5875952361915
-0.608605312304644 -5.33586254711537 1.64196641548857 -5.33586254711537 4.32363357283091 1.92936336852132 1.64196641548857 1.92936336852132 1.0502668063035
-6.51166255078365 2.88811638324188 -3.02319532321533 2.88811638324188 1.55447986477384 -3.00175422163224 -3.02319532321533 -3.00175422163224 5.89630293534905
-6.76095816675755 -2.24667978684951 0.861854815811916 -2.24667978684951 3.52691072684197 -3.22986367867378 0.861854815811916 -3.22986367867378 12.7583799068856
3.65819829483299 1.6932959624575 1.50020080884392 1.6932959624575 6.11538717268485 -4.56001631995133 1.50020080884392 -4.56001631995133 8.36250549880326
-9.07433313382963 -0.113538335649456 2.81662409591921 -0.113538335649456 -7.23806889765284 -3.44326837152294 2.81662409591921 -3.44326837152294 -1.49128237016498
-4.93877558136326 -1.27356093042485 0.110744428732596 -1.27356093042485 1.2373560210315 -0.0234267060780491 0.110744428732596 -0.0234267060780491 -0.681504176815974
-4.81117905917865 1.31587803327963 -1.51715542981747 1.31587803327963 3.98659101529783 2.0344166961889 -1.51715542981747 2.0344166961889 -11.5745324374662
4.08612748957501 -0.799929720181352 0.419422610041033 -0.799929720181352 9.58402283665928 -0.927486080967027 0.419422610041033 -0.927486080967027 13.6960939928348
-10.2150202920187 0.918601046580156 1.27190914141868 0.918601046580156 8.66046467472925 -2.38041328897454 1.27190914141868 -2.38041328897454 -5.50056540151723
0.157609723677959 -3.43640872937189 -0.855226533400072 -3.43640872937189 -3.54234313381117 2.02567251415606 -0.855226533400072 2.02567251415606 -8.68920492998321
-11.1717480511107 -1.3297182370347 -1.3085696368433 -1.3297182370347 3.06390345273006 -1.88486899205913 -1.3085696368433 -1.88486899205913 -6.94995873790107
1.88568974386173 3.27527524882789 -1.08353114863259 3.27527524882789 -1.23902650709239 2.64835745440266 -1.08353114863259 2.64835745440266 8.14746314723502
-7.30114634998031 -2.29117225395592 -1.61618829624887 -2.29117225395592 -4.82760265403522 1.76082771575753 -1.61618829624887 1.76082771575753 -1.65601654220053
1.67155149028724 1.75309058737442 -1.70977294204686 1.75309058737442 8.47496990349903 -0.588610357098099 -1.70977294204686 -0.588610357098099 2.95324417262639
0.217766061358629 -0.188166790882699 0.367876647343703 -0.188166790882699 -5.65134642729723 -0.186052557277275 0.367876647343703 -0.186052557277275 1.60258907291107
21.0233947115975 -1.69230332294551 -0.32361255894346 -1.69230332294551 20.6502884671686 2.01591588188897 -0.32361255894346 2.01591588188897 22.3958926821754
17.470885700951 0.720066661862049 1.35817451668289 0.720066661862049 15.1409139007795 1.19815970293577 1.35817451668289 1.19815970293577 20.3667635497404
8.18380193785455 -2.0366927899638 2.13414220575154 -2.0366927899638 12.9724662296642 1.30972014818725 2.13414220575154 1.30972014818725 18.2074488457817
17.7689463076566 -3.69077028084116 -0.719632678909437 -3.69077028084116 22.9066991868411 1.10356539500321 -0.719632678909437 1.10356539500321 26.360164321554
9.91317703112511 4.44580254091084 -2.66394531395276 4.44580254091084 11.6714595207916 -2.63644145377921 -2.66394531395276 -2.63644145377921 13.6556665761694
15.9072290170082 -0.801736706589557 -2.9654598665421 -0.801736706589557 12.3293582203724 1.10890811947568 -2.9654598665421 1.10890811947568 22.2361192598694
17.3014064327073 0.259434618284515 2.05625956714393 0.259434618284515 20.4184653279479 -1.03773847313806 2.05625956714393 -1.03773847313806 24.7154713019048
17.9396627194067 3.62844526609356 0.694222861209228 3.62844526609356 10.2009461220744 0.314661920094834 0.694222861209228 0.314661920094834 11.2117975403791
4.54797460604527 0.884873402642975 3.35702525925084 0.884873402642975 9.81797451624267 -2.26810122717357 3.35702525925084 -2.26810122717357 16.0003161830454
18.0107943606485 -1.6904394963922 6.34155751782251 -1.6904394963922 17.3014651306914 3.42521206965672 6.34155751782251 3.42521206965672 23.3442562608962
16.9153031262138 1.72069462835623 0.719386454792999 1.72069462835623 8.5781974014776 0.678556412764207 0.719386454792999 0.678556412764207 12.8692403899321
15.6573965781302 2.26612414827954 1.69712349029828 2.26612414827954 14.5233466556259 -0.262767664970514 1.69712349029828 -0.262767664970514 16.4061856384597
15.290463857864 -3.13989855775177 0.98247145165924 -3.13989855775177 21.0048386277188 4.17049106010453 0.98247145165924 4.17049106010453 5.48780482283947
11.4112579369347 3.72273765423117 0.256876802043552 3.72273765423117 15.9382175791022 0.0948468192160807 0.256876802043552 0.0948468192160807 17.570373259779
14.2759668406563 -0.163588693976875 -1.38669951057142 -0.163588693976875 10.2280977617867 0.789410558144222 -1.38669951057142 0.789410558144222 26.6116956829823
13.437551863894 0.6957044657949 -1.8719677966909 0.6957044657949 14.5896867162075 -1.70507915316207 -1.8719677966909 -1.70507915316207 13.4677124621221
10.417728350598 -3.53366158584336 3.99180260317367 -3.53366158584336 4.22286502930548 2.2289556451853 3.99180260317367 2.2289556451853 12.2841550168523
19.8376049753607 1.7353986974891 3.01834017249515 1.7353986974891 15.757655215914 -0.673789110537529 3.01834017249515 -0.673789110537529 15.0760313482772
6.24861902348958 2.37367668336393 4.15044055905266 2.37367668336393 24.4654396590622 2.91469130169162 4.15044055905266 2.91469130169162 19.8877772242822
9.95847817088938 2.0727412347548 -0.443724663158652 2.0727412347548 9.27161670599996 0.0871240206201919 -0.443724663158652 0.0871240206201919 1.19137032848076
10.4533510932172 2.67018114929922 1.58384107472989 2.67018114929922 15.5896602472186 -1.37395784028715 1.58384107472989 -1.37395784028715 17.46500581423
11.8148361852149 -2.80569746677942 -0.871010515437959 -2.80569746677942 13.7535370098994 -0.0702427835030612 -0.871010515437959 -0.0702427835030612 19.6780140642147
15.8574959069659 -2.69381658864014 -0.569695223324331 -2.69381658864014 10.0802773364157 3.74706755134972 -0.569695223324331 3.74706755134972 26.2803734635939