9.03112057178934 -5.23178886065317 -0.457722234862222 -5.23178886065317 4.56299264183894 5.64919359296276 -0.457722234862222 5.64919359296276 2.70364428882349
-0.432006225548861 -2.74614483726089 -0.161686540556299 -2.74614483726089 8.2258027508017 0.240003458638256 -0.161686540556299 0.240003458638256 1.57644377042391
-4.40272922745453 -2.13966864661624 5.0433171412881 -2.13966864661624 -0.00262536030259662 1.7038588363852 5.0433171412881 1.7038588363852 3.27644965764058
4.30822483932057 -0.586017903215939 -4.51680748283811 -0.586017903215939 -6.38411876766178 1.355787182864 -4.51680748283811 1.355787182864 -4.45472931512456
-10.5429375150089 -0.341809933843947 11.7506659479241 -0.341809933843947 -1.66347501137388 1.18747302942823 11.7506659479241 1.18747302942823 7.65401059266854
-3.32107132174374 4.76777788721268 1.59088846979777 4.76777788721268 1.43693152110767 0.327463986102767 1.59088846979777 0.327463986102767 3.05958888507959
3.97181524247503 3.74906959522771 -0.0202496042952114 3.74906959522771 -0.364492877313805 -3.70567758602368 -0.0202496042952114 -3.70567758602368 -1.62286114423051
-7.73376768128002 -2.71691533326758 -0.241270473610635 -2.71691533326758 0.144237783136792 -4.03603542268225 -0.241270473610635 -4.03603542268225 -4.45563624635292
-6.66494142632529 4.53299622684217 -8.2743510376998 4.53299622684217 12.17246652499 -0.603528604265442 -8.2743510376998 -0.603528604265442 0.833444263033229
1.76432327706957 0.847539910177847 -0.961099179188605 0.847539910177847 6.87726012082221 -2.83344224873182 -0.961099179188605 -2.83344224873182 3.47879126530515
4.7444790998323 3.35717563775855 1.95259259519633 3.35717563775855 -0.360402678759373 -3.68301915554099 1.95259259519633 -3.68301915554099 4.48034836950865
-2.70958636232968 -0.297103767799307 0.144986638686062 -0.297103767799307 4.1166698066272 -0.254320825236207 0.144986638686062 -0.254320825236207 12.6494900178233
-6.93030471248509 1.77587533639182 -1.71489060643331 1.77587533639182 13.3410195257237 -0.639119969965186 -1.71489060643331 -0.639119969965186 3.81032592780771
6.59623690590338 5.17722265228393 2.28349904635348 5.17722265228393 0.520628096464474 -0.181614452255049 2.28349904635348 -0.181614452255049 12.6427874029815
-5.63124538677084 -0.31760828949558 1.74180419080512 -0.31760828949558 -5.27330588591074 -1.74684559222569 1.74180419080512 -1.74684559222569 -7.69065786707154
-5.29045996269807 6.15284694400663 -2.26592797094541 6.15284694400663 -0.921691530166455 0.217450012478949 -2.26592797094541 0.217450012478949 6.56550776314282
9.79842489070815 -3.78112485262723 2.14401178301634 -3.78112485262723 3.26209937574318 -2.7382231934677 2.14401178301634 -2.7382231934677 12.3232170469525
-2.85106842668245 0.436515288424697 -5.05110548034292 0.436515288424697 -5.25065532647993 -1.29457962681382 -5.05110548034292 -1.29457962681382 -2.93587711129068
2.51326060529359 -0.955677786372637 1.21118033080131 -0.955677786372637 -9.65259131788713 10.5935285728504 1.21118033080131 10.5935285728504 4.06347315850988
-5.24058766039797 -0.878219075430827 1.04032025991455 -0.878219075430827 1.56355826046329 -0.0184672235487791 1.04032025991455 -0.0184672235487791 -4.89176232669881
17.262642477146 1.76214997672387 0.669509869575938 1.76214997672387 14.6238809111907 2.81729753117555 0.669509869575938 2.81729753117555 17.3233447053209
24.7360576480604 0.00347856245929692 1.96712707073241 0.00347856245929692 14.9752113872733 3.76206529972962 1.96712707073241 3.76206529972962 23.7811922529834
25.2556116984216 -0.530646303628164 3.66723881121246 -0.530646303628164 20.7337346160193 2.58493050876294 3.66723881121246 2.58493050876294 21.9596501689556
13.9949375977264 -1.66206802417872 0.875247548020281 -1.66206802417872 11.3294930030337 6.24583868803751 0.875247548020281 6.24583868803751 18.7663902100266
17.1209218653155 0.543521329057634 0.34189244892335 0.543521329057634 20.334710885195 3.69068515376232 0.34189244892335 3.69068515376232 25.0493200911175
19.126430697111 -2.12876398579663 1.01120795599654 -2.12876398579663 10.6798701234928 3.63926713575224 1.01120795599654 3.63926713575224 19.6978262800894
21.9519208406848 1.89743755636069 -0.768398781181406 1.89743755636069 20.5365447838389 -1.21421505516873 -0.768398781181406 -1.21421505516873 22.5227831427418
14.6333773696865 1.45070037096856 -0.392970148221795 1.45070037096856 24.6359391160544 5.15015943154114 -0.392970148221795 5.15015943154114 25.0860370831807
12.5525984361772 0.422408352921619 2.06490606857392 0.422408352921619 10.4913181903752 3.0892010016242 2.06490606857392 3.0892010016242 17.6396277850959
23.4154274806673 -1.81447962027311 3.86172047463373 -1.81447962027311 13.0416824796306 4.78218535488889 3.86172047463373 4.78218535488889 24.2618319682582
16.9197508954767 5.3335390497266 0.452243098277539 5.3335390497266 9.57949753112585 3.65456366057477 0.452243098277539 3.65456366057477 10.3997603166657
0.271948363894164 0.472627501388478 1.64481872507022 0.472627501388478 18.100507999604 3.34027611100349 1.64481872507022 3.34027611100349 8.50354401307683
1.54837330753753 5.03084864317423 4.34672600670642 5.03084864317423 8.30772329285119 6.1971321803441 4.34672600670642 6.1971321803441 9.16287658843596
18.8224931272814 0.253903894595345 -7.2549303999817 0.253903894595345 16.925681679422 4.12593828717436 -7.2549303999817 4.12593828717436 19.5599345858487
13.4277131595728 1.93606289837178 -1.10951296868229 1.93606289837178 9.46064581685135 2.73655044289089 -1.10951296868229 2.73655044289089 14.5111637430847
18.3851307518364 -0.245229851512992 2.11466321232218 -0.245229851512992 19.8671720283714 3.44921117236752 2.11466321232218 3.44921117236752 27.8229259792676
25.7063928065728 2.68372247727781 -1.08809186039598 2.68372247727781 15.6838379942838 4.10661183318024 -1.08809186039598 4.10661183318024 18.8448249864325