9.24390460969526 -2.95759411034339 4.65155101418902 -2.95759411034339 7.12190483229724 -0.651171605510553 4.65155101418902 -0.651171605510553 -12.3859214474735
1.21484723135929 -5.60664302354766 4.58867711145102 -5.60664302354766 6.42772761638166 -1.00230489806439 4.58867711145102 -1.00230489806439 -7.55979520214188
26.2028307365586 1.39419524769834 -1.67193794448752 1.39419524769834 15.4823280914129 1.70117401783375 -1.67193794448752 1.70117401783375 13.766536036906
8.6939360793112 -4.03872293878603 -0.933891097684025 -4.03872293878603 15.6177517773912 6.44771435416269 -0.933891097684025 6.44771435416269 8.24631943118378
-17.3989545101353 -0.0151257677062776 2.20404043720045 -0.0151257677062776 -3.0186710693814 -0.758449209271919 2.20404043720045 -0.758449209271919 -4.38863345877854
-6.86560968324789 3.64770675075216 1.41092667040198 3.64770675075216 -16.1660242426919 7.28866265619139 1.41092667040198 7.28866265619139 -2.37179698660874
-8.8455401803256 4.38648069455121 -5.63846484315114 4.38648069455121 -9.00430628612632 -0.498979189659393 -5.63846484315114 -0.498979189659393 4.11884640191572
-2.21849282190702 -1.99492377783887 1.53550167629224 -1.99492377783887 5.26001454230669 5.60888052316028 1.53550167629224 5.60888052316028 2.39783941769796
-6.96655189564787 0.530673583997338 -1.80709550850195 0.530673583997338 -5.29270922541838 3.04377535843407 -1.80709550850195 3.04377535843407 8.13777421099002
-9.75576082034023 2.26259733509392 -2.87106474592595 2.26259733509392 -0.797768383090885 0.135214980184896 -2.87106474592595 0.135214980184896 5.16971940906918
4.02335112648568 -1.27456536939296 0.59694833756379 -1.27456536939296 5.15069612884432 3.20859731440537 0.59694833756379 3.20859731440537 13.9698011294067
16.9143995532836 -3.32330571333507 -3.86453534913305 -3.32330571333507 16.0091053782978 -8.16127565922708 -3.86453534913305 -8.16127565922708 15.2673482155675
-11.3349409363018 -2.6742185340593 -4.64286149398568 -2.6742185340593 -19.5209242176771 2.64373070060911 -4.64286149398568 2.64373070060911 -8.54312647322037
0.220818095713888 -0.448260734299192 0.158989028913999 -0.448260734299192 -11.749730872936 5.36367154489034 0.158989028913999 5.36367154489034 -7.56743614011494
-6.19499911862617 1.00257795295794 4.27844312483215 1.00257795295794 4.25046420521472 8.31906543291614 4.27844312483215 8.31906543291614 -6.51442511759184
-12.5586925359862 -0.915271783182176 -0.720580719277899 -0.915271783182176 -18.7977578942061 1.55752851123422 -0.720580719277899 1.55752851123422 -5.18728604747258
11.8855425757268 2.41806722968074 -0.666988241287229 2.41806722968074 21.8903661950352 -5.43924213669444 -0.666988241287229 -5.43924213669444 27.169906921844
-8.4446010787587 -3.23676747046879 1.28987271226421 -3.23676747046879 -4.06298917372491 5.86046085793637 1.28987271226421 5.86046085793637 0.971249980955333
5.52802005619408 1.25086585213151 3.28604476880515 1.25086585213151 9.54541784338258 -0.426202276230292 3.28604476880515 -0.426202276230292 -10.0245801657717
-11.380734381865 5.33052857438097 1.74555254364425 5.33052857438097 -3.1692618526089 4.44098963408595 1.74555254364425 4.44098963408595 -3.07539090916068
4.75947443950495 13.1146995542039 -6.8443868050104 13.1146995542039 -7.92800721269572 -2.5944587173739 -6.8443868050104 -2.5944587173739 1.7110967012526
2.0548548079313 7.04612907714473 -6.05596587954053 7.04612907714473 3.64976284020129 7.52098153535061 -6.05596587954053 7.52098153535061 19.624395761549
-2.69327153415962 -10.6216572150391 -0.294204761964424 -10.6216572150391 -2.36229117694964 -2.63486323582845 -0.294204761964424 -2.63486323582845 -1.00808396378987
8.46440755546732 3.27717039375481 -4.54974025819363 3.27717039375481 2.86752409453546 0.443581495604387 -4.54974025819363 0.443581495604387 16.4003956243677
2.8053419187265 -3.37680045772634 0.507519122048811 -3.37680045772634 2.5016296882091 3.03312609161455 0.507519122048811 3.03312609161455 17.1517485971141
-8.3352408549924 0.528128208443045 -0.426074448357432 0.528128208443045 -16.2214451656081 -2.46970099407182 -0.426074448357432 -2.46970099407182 -13.5603933713758
5.8544528645788 -2.04206512887356 -0.495530481370493 -2.04206512887356 4.5976437001351 1.25281295088427 -0.495530481370493 1.25281295088427 1.76033207293308
-7.18900705269036 -2.01720088572302 2.40797897938581 -2.01720088572302 -11.7779207559261 -9.44853401884115 2.40797897938581 -9.44853401884115 6.18040660982885
2.24387391362526 -0.491534267811053 3.39678152552354 -0.491534267811053 2.94121317974744 0.395625142384506 3.39678152552354 0.395625142384506 11.7528640783114
-13.5480364753103 0.611632171816992 1.4100808647329 0.611632171816992 -1.69414434202029 5.70686085000792 1.4100808647329 5.70686085000792 -28.3500468593667
-12.7411799483087 -3.83685756980803 2.05906961220511 -3.83685756980803 8.74170642193375 4.41040844364531 2.05906961220511 4.41040844364531 1.43058091520334
-3.31485914755503 -1.78231124751 1.84824877124075 -1.78231124751 -4.03817380181357 -0.595435820356479 1.84824877124075 -0.595435820356479 13.0236599902132
2.78661795341885 1.59798201570759 1.06386199949848 1.59798201570759 11.0720452540397 -0.17949934970962 1.06386199949848 -0.17949934970962 2.35319269436391
3.38679099162494 1.10695115596473 -1.78630746106944 1.10695115596473 8.90955813077027 1.44263309495764 -1.78630746106944 1.44263309495764 -2.01808784751693
-5.84945583523974 -2.49532966154984 -0.210317513177159 -2.49532966154984 2.74508170844771 4.37285162814177 -0.210317513177159 4.37285162814177 -6.60528439822016
0.690200272291574 -4.47618482779324 5.84534432559639 -4.47618482779324 -6.38041815232406 0.233813773023856 5.84534432559639 0.233813773023856 0.840830299143481
-2.85329648143977 1.04101363223398 2.03207459497496 1.04101363223398 -4.34987845944985 0.915132905111636 2.03207459497496 0.915132905111636 8.13429270023901
-7.00488369113455 5.5423554865703 0.923271995060114 5.5423554865703 -0.0136175810480843 -0.106217132175057 0.923271995060114 -0.106217132175057 5.70576645914731
0.095909125426547 -6.53380916968351 6.27405528831995 -6.53380916968351 10.0764524901266 1.33473532885278 6.27405528831995 1.33473532885278 9.57492768841694
-4.69555093234136 -7.65874328666572 2.53959371702377 -7.65874328666572 -3.01913934415651 5.53475577982365 2.53959371702377 5.53475577982365 0.767273003412376
-5.5807122357572 4.78146952386931 1.89220712039458 4.78146952386931 6.21611019170807 0.44158159831806 1.89220712039458 0.44158159831806 3.35881749670886
7.95845930362368 0.961089361045189 8.33210527143127 0.961089361045189 12.3982525681609 -0.0539488830524327 8.33210527143127 -0.0539488830524327 10.2283086053853
-2.14396857463927 3.33683832213195 -4.12609050012124 3.33683832213195 14.9518330326427 -0.687348732223587 -4.12609050012124 -0.687348732223587 7.47691556971122
5.23903597642513 4.36386520690789 -3.59459409671579 4.36386520690789 6.60574101375342 -4.47376107979247 -3.59459409671579 -4.47376107979247 10.857712240997
4.54968913742182 5.86244529169768 5.69460432220123 5.86244529169768 13.0056770291957 2.43169595091891 5.69460432220123 2.43169595091891 21.8992503057282
2.4816486204119 -0.521505869506849 1.77032260683168 -0.521505869506849 3.51267171874728 3.56861870857943 1.77032260683168 3.56861870857943 -1.58849488987718
0.747291935615178 -4.78546573742875 0.911136691552196 -4.78546573742875 15.0737175462056 -5.874433932376 0.911136691552196 -5.874433932376 9.25323249688206