-1.89417724730611 -0.473032372029959 0.532417388431988 -0.473032372029959 -2.25253510490456 0.114674514431505 0.532417388431988 0.114674514431505 -0.0757670898922445
-9.14273806519509 1.78342981811766 -1.05345794745614 1.78342981811766 -8.54471446269978 -0.280922119321637 -1.05345794745614 -0.280922119321637 -7.51253849398013
-1.89417724730611 -0.473032372029959 0.532417388431988 -0.473032372029959 -2.25253510490456 0.114674514431505 0.532417388431988 0.114674514431505 -0.0757670898922445
-11.8346182659357 1.72365419630361 -1.04574057319165 1.72365419630361 -9.37744869825228 -0.307948144252754 -1.04574057319165 -0.307948144252754 -8.14993317880033
-1.5731131044208 -1.80080052742908 1.06392123114775 -1.80080052742908 7.84072689413948 -0.519541301591607 1.06392123114775 -0.519541301591607 -0.244246508317967
-16.3873303533335 -2.47520288624835 -1.24716231264187 -2.47520288624835 -4.70182316503657 0.862602894263375 -1.24716231264187 0.862602894263375 -10.7612898015862
-19.1479325759374 -2.63873839490006 -1.19767980545221 -2.63873839490006 -5.48456224635781 0.798453203634808 -1.19767980545221 0.798453203634808 -11.4516122574789
-9.44120539954879 -4.69724389199324 -1.22952270048105 -4.69724389199324 -5.60399033949826 1.7943811431891 -1.22952270048105 1.7943811431891 -8.9358057402837
-3.56883918376987 0.691345810468509 0.573007338406332 0.691345810468509 2.26711599108592 -3.74115660800076 0.573007338406332 -3.74115660800076 -5.57228875464708
-6.61292064299229 0.463113054493466 0.54029856357571 0.463113054493466 1.39768354284064 -3.68195739270706 0.54029856357571 -3.68195739270706 -6.23533747694131
-1.75972874370093 -5.50825067827553 4.11887847065764 -5.50825067827553 1.48998930123582 -0.24833155020597 4.11887847065764 -0.24833155020597 -11.4510815694115
-10.1229062882889 2.31697065136044 1.52345946368213 2.31697065136044 4.16234550642627 -0.504402460384661 1.52345946368213 -0.504402460384661 1.81256819097578
-12.7569265585271 2.21680442134612 1.51426696067788 2.21680442134612 3.27988163455672 -0.457370428939442 1.51426696067788 -0.457370428939442 1.18051016118153
-5.04826925341182 -0.469223558816916 0.561833471741307 -0.469223558816916 -3.14873703942931 0.115247891639243 0.561833471741307 0.115247891639243 -0.798503249214752
-15.7389487467758 1.47592065458678 -1.02599612455605 1.47592065458678 -4.8230227658434 0.460436785405277 -1.02599612455605 0.460436785405277 -4.97860414538674
-16.4788421202261 4.58342139973583 1.4358720232521 4.58342139973583 -3.40230086448006 -0.031580762974753 1.4358720232521 -0.031580762974753 0.111585362510794
-4.1717831832348 2.8478658309675 -0.455741020017247 2.8478658309675 4.13260182857268 -4.05836347237078 -0.455741020017247 -4.05836347237078 3.18400061043724
-7.35956618546703 3.01261521218161 -0.435109487316463 3.01261521218161 3.27575285451109 -3.97399998415703 -0.435109487316463 -3.97399998415703 2.48219602764344
-2.0440478298418 -1.1857965098068 -1.88234830577723 -1.1857965098068 -3.05363331983465 2.59755773913973 -1.88234830577723 2.59755773913973 2.92302985809019
-9.48960822265277 -3.9674548254063 -0.350444350209872 -3.9674548254063 -15.9250408355977 3.30054860743115 -0.350444350209872 3.30054860743115 -6.89419612594693
-12.3212739641917 -4.05872239000563 -0.401177607424321 -4.05872239000563 -16.6275314736719 3.27343856270696 -0.401177607424321 3.27343856270696 -7.49007128754983
-12.2832556702355 1.75114268636667 2.48990600717761 1.75114268636667 -9.58918999890212 4.67252014871877 2.48990600717761 4.67252014871877 -1.13866369389948
-0.757576972010936 -0.0944404897357806 0.127289355730835 -0.0944404897357806 -1.99351555507485 -0.663136482275155 0.127289355730835 -0.663136482275155 2.03868274581805
-6.81366488975892 -1.97951795654929 2.81465996372258 -1.97951795654929 0.961359942766232 -5.6482526177841 2.81465996372258 -5.6482526177841 -2.95981058965446
-9.45583696985845 -1.91061167205008 2.81730681287915 -1.91061167205008 0.0676322715769938 -5.54373276082671 2.81730681287915 -5.54373276082671 -3.63946161423698
-3.46951090714815 4.07164026865202 0.137036337445708 4.07164026865202 4.41630742040941 1.1627325601454 0.137036337445708 1.1627325601454 3.5006555292949
-14.5687999994581 -1.85007324262716 -0.960858085009094 -1.85007324262716 -9.70972380640769 -2.72453838578237 -0.960858085009094 -2.72453838578237 -6.51107781289057
-17.344511039935 -1.83543159668298 -1.02885785004375 -1.83543159668298 -10.4198319710192 -2.6928131383861 -1.02885785004375 -2.6928131383861 -7.13002724063237
-17.2182019857854 0.707043050003806 0.975378665366695 0.707043050003806 -8.69535172640222 4.11022014008236 0.975378665366695 4.11022014008236 -8.79757481796904
-10.0242796475645 -7.22512698326574 1.84344803688262 -7.22512698326574 -1.98574183696457 1.91778061901498 1.84344803688262 1.91778061901498 -7.14017546082875
-12.6974471849519 -7.2053905467287 1.90963119316618 -7.2053905467287 -2.7076223286345 1.93310152067995 1.90963119316618 1.93310152067995 -7.69613375838034
-10.7366085394429 -0.340811114915281 1.66595246856103 -0.340811114915281 -5.04866154703693 3.14562308549135 1.66595246856103 3.14562308549135 -1.46485274236879
2.04365066497324 -4.50867260107498 -0.341310729614087 -4.50867260107498 -4.48760403751855 -0.240181624543246 -0.341310729614087 -0.240181624543246 -6.26368394532519
-9.60948246288852 1.63922808456865 2.6007980355672 1.63922808456865 -2.88263750396333 1.54597237811405 2.6007980355672 1.54597237811405 -0.926340017449034
-0.83817771988482 -4.48509744554529 -0.281509183698689 -4.48509744554529 -5.24707719089512 -0.262459690064944 -0.281509183698689 -0.262459690064944 -6.90649974743476
-3.45011653885645 -4.70413341189954 -0.628055195180178 -4.70413341189954 8.60854320860298 2.42848008803002 -0.628055195180178 2.42848008803002 -1.81298599675345
1.96360986518382 -4.11522493022567 -5.7111801823538 -4.11522493022567 -4.89022414297376 -0.476279839640332 -5.7111801823538 -0.476279839640332 4.71684156977135
-1.0807651825533 -4.21813207171287 -5.65565469316726 -4.21813207171287 -5.64516182731723 -0.467981816911428 -5.65565469316726 -0.467981816911428 3.98519044984216
1.85184706059183 -1.65297664877307 -1.84757027754196 -1.65297664877307 -3.0685918382786 0.404155998212304 -1.84757027754196 0.404155998212304 10.1445293942813
-4.43643971049714 0.901054045573467 -2.13791758498334 0.901054045573467 -2.41323965446412 2.26932129996281 -2.13791758498334 2.26932129996281 6.70576101045994
-7.22683120436159 1.07281460615632 -2.08486432251081 1.07281460615632 -3.17025097483302 2.26506365088863 -2.08486432251081 2.26506365088863 6.03458215962928
-8.81457037827174 0.233847349901569 -0.446627370983176 0.233847349901569 -1.88131246362253 1.67695937406891 -0.446627370983176 1.67695937406891 0.62359293307085
-18.0829217494235 -3.41559157110808 -1.32638091751311 -3.41559157110808 3.20559911566982 3.21202745614242 -1.32638091751311 3.21202745614242 -1.42923436507471
-20.4407511365158 -3.52374785283029 -1.29369117871167 -3.52374785283029 2.40656695141372 3.19225294181266 -1.29369117871167 3.19225294181266 -2.03847844632272
-12.4147321649291 1.60989564896665 2.47419926387113 1.60989564896665 -3.77794399382342 1.52658927644574 2.47419926387113 1.52658927644574 -1.61822628621874
-14.2155000535102 7.17615544054645 -2.93074444712219 7.17615544054645 -1.78709143529843 -3.24925715508806 -2.93074444712219 -3.24925715508806 2.09491579735941
-5.7563435263611 -0.773554769013007 1.96866527045817 -0.773554769013007 1.93283303320144 -0.244502324810651 1.96866527045817 -0.244502324810651 -1.53657064471521
-8.56895417855157 -0.796127198204939 1.94797080411847 -0.796127198204939 1.09679225710149 -0.220205395248175 1.94797080411847 -0.220205395248175 -2.19358451420297
-8.3638098005046 -6.52489662657059 0.112498217699493 -6.52489662657059 -1.40406429398021 0.971378841289852 0.112498217699493 0.971378841289852 -1.98386280058529
2.46704168582315 2.44332013115177 -5.23383756249369 2.44332013115177 0.948862186855056 -2.31608633791439 -5.23383756249369 -2.31608633791439 11.5588666398707
-0.324939435419447 2.60601427206397 -5.20769601832234 2.60601427206397 0.132142037070575 -2.23991584149139 -5.20769601832234 -2.23991584149139 10.8963024010655
-2.37154514273034 -8.35301158867404 -1.38303603055716 -8.35301158867404 -3.11895447144664 -1.90249647309606 -1.38303603055716 -1.90249647309606 -1.10248355526188
0.0733320155197855 0.930268996879565 -0.129902427492192 0.930268996879565 2.5582397414188 5.14162188815868 -0.129902427492192 5.14162188815868 0.1026648217277
-2.72761119728395 1.00180781628639 -0.212568465220432 1.00180781628639 1.77000078465726 5.12900346279398 -0.212568465220432 5.12900346279398 -0.574566247576018
1.22293237599537 -1.849685218693 -0.851685047568205 -1.849685218693 -0.00655142344283234 -0.161601778256531 -0.851685047568205 -0.161601778256531 0.0786170813139881
-11.8909507477061 3.21008838659879 3.26117732643855 3.21008838659879 -2.68216934158785 2.92909921748006 3.26117732643855 2.92909921748006 -11.9377822758926
-9.43362052203332 0.0461678002709624 -2.73049561602549 0.0461678002709624 -1.78075801045141 2.11712341242556 -2.73049561602549 2.11712341242556 -8.2112730481926
-11.9558728545055 0.0618331067466113 -2.77586482787465 0.0618331067466113 -2.52853240088821 2.09349232842098 -2.77586482787465 2.09349232842098 -8.84655091524731
-7.50044331376543 3.13738322125463 0.795269841599364 3.13738322125463 -3.17670975188317 -0.801824263370787 0.795269841599364 -0.801824263370787 -6.967350343023
-8.65860617678059 -2.96024374963441 -2.5394876034021 -2.96024374963441 -5.1515930188443 1.72146930895046 -2.5394876034021 1.72146930895046 -4.38056272041859
-11.2759750598403 -3.00349411791788 -2.53580717669924 -3.00349411791788 -5.83965070640891 1.72486376486141 -2.53580717669924 1.72486376486141 -5.03299800045382
1.73994573937873 -2.79518057758228 -0.93389366584338 -2.79518057758228 3.11153434837841 -0.639207961540133 -0.93389366584338 -0.639207961540133 2.4116558006582
-4.11054532832412 0.884436608283299 -1.12804073612312 0.884436608283299 -9.25256759434836 1.52526908872678 -1.12804073612312 1.52526908872678 2.61819571633245
-6.60874844239839 0.908206924038738 -1.16391566964188 0.908206924038738 -9.94839283540491 1.52763931640496 -1.16391566964188 1.52763931640496 2.00819540727983
-0.406364016850155 -1.99163023643043 -2.56991749117873 -1.99163023643043 -2.77979780757386 2.52972764335838 -2.56991749117873 2.52972764335838 -3.90734631586687
-6.52490657355205 -0.0108712205490704 1.56980424728576 -0.0108712205490704 -1.64807703523907 0.815341541180279 1.56980424728576 0.815341541180279 -3.23962372362298
5.43232525216092 1.13105876518873 -2.61481327436104 1.13105876518873 0.125673196132081 1.92563768266898 -2.61481327436104 1.92563768266898 -6.30595666398233
-7.77443946727495 -0.181252543783263 -0.00215776837837218 -0.181252543783263 -10.1264069997006 -0.617121756214443 -0.00215776837837218 -0.617121756214443 2.00672459188613
-9.04993453116476 0.0393095611874917 1.56146312494759 0.0393095611874917 -2.40443482596824 0.849523294551904 1.56146312494759 0.849523294551904 -3.88509496403043
-2.20838209247173 -1.38023880779483 -2.02204985341942 -1.38023880779483 -7.2600561290008 0.959265971417406 -2.02204985341942 0.959265971417406 1.35263403163893
-4.70193244901754 -1.39325074533542 -2.1256893627008 -1.39325074533542 -8.00830362078367 0.98659712812309 -2.1256893627008 0.98659712812309 0.704712234373636
-3.853607429948 -3.24048321507402 -2.70040267922835 -3.24048321507402 5.84792121190271 0.679527559445168 -2.70040267922835 0.679527559445168 -0.391779732970015
-4.51478297387818 -0.966684575713545 -1.88169781553149 -0.966684575713545 0.994673215990329 2.34028092160495 -1.88169781553149 2.34028092160495 -5.62141075097565
-7.02136229077214 -0.87145334252577 -1.8813012605395 -0.87145334252577 0.289763642427923 2.33757087660138 -1.8813012605395 2.33757087660138 -6.24938004937835
-2.42711027750119 0.853006148252229 -2.30839292697124 0.853006148252229 -4.51125932013808 -1.9412485281101 -2.30839292697124 -1.9412485281101 4.40573278633368
-5.07193629525447 0.836858448368065 -2.22794241267382 0.836858448368065 -5.19779627297738 -1.89010773562814 -2.22794241267382 -1.89010773562814 3.76034284319476
-10.0610691782215 -3.01832075346644 -1.72097235943262 -3.01832075346644 -2.9940506304488 1.18482327822477 -1.72097235943262 1.18482327822477 2.38729755500781
2.23664972066639 1.13054698995432 -2.3242416496178 1.13054698995432 -0.788327360562743 1.91480030731002 -2.3242416496178 1.91480030731002 -7.06031687780483
1.19273024715196 0.708949941297798 0.169434577165511 0.708949941297798 -3.47786763655523 -4.36516976434304 0.169434577165511 -4.36516976434304 0.628691457377292
-1.32330539828533 0.734423300571215 0.0850856262856895 0.734423300571215 -4.23860764628448 -4.31921508171303 0.0850856262856895 -4.31921508171303 -0.11419386685711
-0.63857514393404 0.63182963185023 -0.544137974760696 0.63182963185023 -1.93371346402561 0.456446317671162 -0.544137974760696 0.456446317671162 -6.04173032306607
-5.21557529215689 -2.58275652556635 -0.616675787161657 -2.58275652556635 -0.618951343571848 0.10922670768915 -0.616675787161657 0.10922670768915 0.241208979480205
-7.34529904591366 -2.57108320679928 -0.63762863528622 -2.57108320679928 -1.32553623106096 0.105128735566904 -0.63762863528622 0.105128735566904 -0.413658720382817
5.20428397356734 -4.20545917273505 -2.37955320198281 -4.20545917273505 -1.27225873952167 1.08921618552299 -2.37955320198281 1.08921618552299 -0.759287631401922
2.33775716919957 -3.47478941496565 -3.17991590724623 -3.47478941496565 -3.29550632227225 0.0448207731733519 -3.17991590724623 0.0448207731733519 -3.79561179136438
-0.0758129890699096 -3.43527606723028 -3.15571567003499 -3.43527606723028 -4.0038734852546 0.0687055213446055 -3.15571567003499 0.0687055213446055 -4.44453648422345
-0.0507152277498347 -0.719234138997656 -2.95531463524037 -0.719234138997656 -0.299680891249023 -0.670824148872814 -2.95531463524037 -0.670824148872814 0.968199802496845
-3.8232985770514 0.636527546882071 -0.0330663660717959 0.636527546882071 -5.54481626066428 2.24024630136417 -0.0330663660717959 2.24024630136417 -11.0875658734491
-1.89417724730611 -0.473032372029959 0.532417388431988 -0.473032372029959 -2.25253510490456 0.114674514431505 0.532417388431988 0.114674514431505 -0.0757670898922445
-4.93565310654134 -0.754154800012194 -2.31583535511437 -0.754154800012194 -6.62495985856866 -3.05374682097245 -2.31583535511437 -3.05374682097245 -13.0457178020571
-7.35718486661826 -0.731756746315532 -2.28615722336158 -0.731756746315532 -7.31290659215968 -3.03422701816186 -2.28615722336158 -3.03422701816186 -13.6190650492611
-2.91323035688295 -1.04027995885629 -1.01125927330879 -1.04027995885629 -7.0966737965754 0.109385660909781 -1.01125927330879 0.109385660909781 4.57633887479697
-2.72937627035479 0.408603007672962 -3.96666290594876 0.408603007672962 -1.4760209771557 -0.571585106239144 -3.96666290594876 -0.571585106239144 6.87279440995983
-4.98182337443544 0.456455820517454 -3.91445446080119 0.456455820517454 -2.19006580551304 -0.562501112152822 -3.91445446080119 -0.562501112152822 6.18059623640047
4.20052739343751 -1.2171606935315 -1.85881605914321 -1.2171606935315 5.12662792112452 1.15762565960876 -1.85881605914321 1.15762565960876 9.4440203811511
3.97708241457938 0.486570105861809 -5.48704879943692 0.486570105861809 -1.430013550561 0.513982506192051 -5.48704879943692 0.513982506192051 -1.55565371874128
1.39480516718608 0.50699332557257 -5.48745717090311 0.50699332557257 -2.11744271268544 0.51158150046463 -5.48745717090311 0.51158150046463 -2.23673525987899
9.65045218311558 2.34520863505868 -1.85710772984329 2.34520863505868 8.5278201011202 1.51543709619252 -1.85710772984329 1.51543709619252 7.88166747421603
2.11691829115993 -0.207167481812052 -3.1098934626039 -0.207167481812052 -2.32408577297198 -1.62876502941889 -3.1098934626039 -1.62876502941889 5.15061222022377
-11.0027890946161 -1.7272056927498 -2.17122791093312 -1.7272056927498 8.09627668476468 3.49107377048721 -2.17122791093312 3.49107377048721 0.572340565639969
-0.188914706089974 -0.205653983844781 -2.9915480673235 -0.205653983844781 -3.0130699958654 -1.65479717233243 -2.9915480673235 -1.65479717233243 4.37134281939837
1.41721969846397 2.56449278769671 -3.10438600615918 2.56449278769671 -4.63098062388063 -2.57612841740495 -3.10438600615918 -2.57612841740495 1.22639537124879
3.47879466661103 1.19345510460378 3.16254060601003 1.19345510460378 7.92712732922513 -0.110804342400351 3.16254060601003 -0.110804342400351 2.51156509440796
1.28658100594237 1.10344605194337 3.25238405646332 1.10344605194337 7.14226320596115 -0.150680658353611 3.25238405646332 -0.150680658353611 1.78266809652195
4.69917359603767 1.10998533788051 -3.87198707035601 1.10998533788051 3.62925142321866 -1.79577245746274 -3.87198707035601 -1.79577245746274 10.4282061998328
1.22852446636427 0.917993374312784 -2.48878203702577 0.917993374312784 2.2190506504993 4.12303690833322 -2.48878203702577 4.12303690833322 5.34022812316277
-1.11987763549861 0.912745796412483 -2.45143945819512 0.912745796412483 1.49772252877659 4.03793277515148 -2.45143945819512 4.03793277515148 4.57966220045366
2.3509745299844 -1.50749511846328 -6.99011129335057 -1.50749511846328 1.14632441299812 3.52197520236213 -6.99011129335057 3.52197520236213 -2.05710271373635
-0.184719951809074 -1.39666305026373 -6.99007329833607 -1.39666305026373 0.441525738470471 3.51193176671155 -6.99007329833607 3.51193176671155 -2.72574563035342
-13.6155312383106 -1.80530645703396 -2.2167198332968 -1.80530645703396 7.11479052681412 3.42844480219035 -2.2167198332968 3.42844480219035 -0.100294803168554
-9.5023634681939 0.613055707625413 1.38458840089549 0.613055707625413 0.51505020334516 1.28241244962459 1.38458840089549 1.28241244962459 -8.28459294692438
-9.0351465190052 0.037156188563421 0.70390335000703 0.037156188563421 9.55739739159106 -1.17867687053963 0.70390335000703 -1.17867687053963 -1.88877291864057
-11.9565621909477 -0.0684536003298534 0.852558476835446 -0.0684536003298534 8.65419456291358 -1.11807547205427 0.852558476835446 -1.11807547205427 -2.59086505490869
-5.50626501153505 -0.770709099631336 2.29742712533156 -0.770709099631336 -6.83768073133414 -1.20961428171022 2.29742712533156 -1.20961428171022 -2.18192576162659
-1.68319053554476 -4.23735871728788 1.66640060501564 -4.23735871728788 4.80611761396198 0.738756943281492 1.66640060501564 0.738756943281492 0.495302950609182
-4.70935029674856 -4.31918916602824 1.57540737647612 -4.31918916602824 3.96909863792243 0.72759778431628 1.57540737647612 0.72759778431628 -0.181372201307826
-7.85399472271939 -1.67110698525269 -4.8343481030411 -1.67110698525269 5.25888835832323 -1.57745839952869 -4.8343481030411 -1.57745839952869 -5.59186110756412