-0.806401698090381 2.23620620517831 -1.17239947627604 2.23620620517831 -6.58393805373543 -0.673677229077999 -1.17239947627604 -0.673677229077999 5.12799084820567
6.06474123612562 0.247952776158982 1.91015472003957 0.247952776158982 4.85620103825443 8.37896714694278 1.91015472003957 8.37896714694278 17.3934280757449
21.8126476962813 -0.833468249661957 0.908266682323927 -0.833468249661957 16.5429200237391 2.63219246367601 0.908266682323927 2.63219246367601 19.4778680481898
28.5760484352676 -0.495142274584347 0.272413915774779 -0.495142274584347 18.4539011749066 3.6733046252901 0.272413915774779 3.6733046252901 27.1197476276665
25.188110347293 2.30888100673425 -1.16317303364978 2.30888100673425 19.5573748210364 4.33832104442351 -1.16317303364978 4.33832104442351 29.9438463392275
10.0238615354612 -0.489541977703709 2.24797676161543 -0.489541977703709 -1.33938685099735 -0.399466253806227 2.24797676161543 -0.399466253806227 3.82234376191056
-8.00426793672278 -1.15308591727763 0.63545975733183 -1.15308591727763 -1.9989628127988 0.650188957005084 0.63545975733183 0.650188957005084 0.862710266576325
-4.1300795583135 -0.0654938132745534 1.38727804481554 -0.0654938132745534 1.31384558750771 -0.351284998472604 1.38727804481554 -0.351284998472604 -2.05015482159435
-2.58963511033206 3.81753428487835 1.07281848295134 3.81753428487835 -3.38628249866226 -3.19721151849856 1.07281848295134 -3.19721151849856 -5.57865611134699
6.16223267087388 -4.11348000712903 -0.902569399622487 -4.11348000712903 -5.20375189251372 0.109825922520435 -0.902569399622487 0.109825922520435 6.28004593321399
1.83034298578426 2.30835666733953 0.441243398358706 2.30835666733953 -5.79540519047986 1.33598695614164 0.441243398358706 1.33598695614164 2.14493318646593
0.792108169675314 -2.05338810138908 -2.47178369870476 -2.05338810138908 1.91730797993204 -1.91730797993204 -2.47178369870476 -1.91730797993204 5.16901356877865
17.996724826469 -1.72775749832535 -1.9614811973704 -1.72775749832535 11.3895356419262 7.40005188668796 -1.9614811973704 7.40005188668796 12.0655364945488
28.6170432627276 -3.84339502158346 -1.4094803433932 -3.84339502158346 18.8036688418095 0.741831759680632 -1.4094803433932 0.741831759680632 20.6847422324283
6.36890893262276 -1.39123883577435 -0.661408626843545 -1.39123883577435 -0.841965579573823 -0.765941599476864 -0.661408626843545 -0.765941599476864 3.19870896257956
-4.60537829716971 -3.85029869064474 2.33204210916022 -3.85029869064474 -2.0364881612979 -2.24094671427115 2.33204210916022 -2.24094671427115 2.83610329421308
-1.25756631344496 0.509062843682521 0.921544594492469 0.509062843682521 -3.11272813903897 -0.774660849082097 0.921544594492469 -0.774660849082097 1.58553960799141
-3.76871983171379 -5.17902693855009 -0.393068787479583 -5.17902693855009 0.161968043082039 -1.09624712086014 -0.393068787479583 -1.09624712086014 4.38498848344058
5.00278241270548 2.85929621538153 -0.356919044816591 2.85929621538153 -1.79248293778056 1.01554313856654 -0.356919044816591 1.01554313856654 5.49182066195694
11.8016554404243 -0.948187577072997 0.296184379421125 -0.948187577072997 7.09053477446411 2.28797463566251 0.296184379421125 2.28797463566251 10.1219520806199
0.177792385279063 0.359625506587196 0.0888961926395317 0.359625506587196 -10.5301580917554 0.145466497046506 0.0888961926395317 0.145466497046506 -3.9579009404737
-0.0882694626079197 0.878682377778837 1.68113203785083 0.878682377778837 -3.59096222882219 3.54883362166841 1.68113203785083 3.54883362166841 -6.9893365392271
4.34057017747337 -1.69507593838125 2.10267801373766 -1.69507593838125 -3.74680369269936 4.18380014849013 2.10267801373766 4.18380014849013 -0.903387292015902
2.03090858976941 -0.55839645543558 -0.392945653825038 -0.55839645543558 0.310220253019767 -0.55839645543558 -0.392945653825038 -0.55839645543558 -6.23335895067718
2.98022953921183 -1.62177149623776 2.1663515927604 -1.62177149623776 8.84493827099414 0.31517822436109 2.1663515927604 0.31517822436109 10.5185745383293
3.70587010696555 1.00276485247303 -1.76677616864296 1.00276485247303 -1.16677815132473 0.761935198462945 -1.76677616864296 0.761935198462945 3.76192528505411
-6.59593477763682 -0.904789270897985 -0.661272901004328 -0.904789270897985 9.65248507561238 3.89626191829852 -0.661272901004328 3.89626191829852 -4.6016196793698
21.4277801675924 -1.00293054689231 4.27466278038744 -1.00293054689231 7.21959741995138 -0.90526689813126 4.27466278038744 -0.90526689813126 15.1209622341385
11.8725532820506 0.522517454223208 2.61074742092512 0.522517454223208 12.012381896561 1.03583565749178 2.61074742092512 1.03583565749178 12.3030782267275
14.0096645427801 1.72016711749234 2.31832849659926 1.72016711749234 7.92110674756746 7.25225356911154 2.31832849659926 7.25225356911154 24.9487673394779
16.6988552939214 -1.97955041051049 3.47583029826724 -1.97955041051049 12.8029513874143 -0.962823579947825 3.47583029826724 -0.962823579947825 14.3549932585657
-1.87511735867117 1.53131291145433 0.24303417820501 1.53131291145433 1.23888154255724 -1.11835239726858 0.24303417820501 -1.11835239726858 -0.0968184937564673
8.81365411909496 -0.479751039555697 1.87042177447031 -0.479751039555697 -8.39463105922986 -2.06475130948022 1.87042177447031 -2.06475130948022 7.84605497602482
-2.75509325450877 -1.15690063068117 -2.02557000457752 -1.15690063068117 3.3295679663075 -3.97759134363063 -2.02557000457752 -3.97759134363063 8.48990136364139
0.779332890326948 -2.17329429725195 -0.484070171569058 -2.17329429725195 -5.62204319594105 -0.261116690057998 -0.484070171569058 -0.261116690057998 7.03207332225424
-1.79355853696957 4.00178941806454 1.72109152537484 4.00178941806454 -7.31312925343484 -1.69693585484326 1.72109152537484 -1.69693585484326 4.64594063223992
-3.49062251361771 -5.30996498585193 -0.659182055157325 -5.30996498585193 0.924883129697662 1.66316703147387 -0.659182055157325 1.66316703147387 1.00804148127136
-8.72377988754027 -2.5702538406982 3.54046861323772 -2.5702538406982 -3.77283097472828 1.27595472186921 3.54046861323772 1.27595472186921 -4.2029051701187
-1.59627443742341 -5.2651149359209 1.95498779414777 -5.2651149359209 -4.50982403481794 0.167399566471368 1.95498779414777 0.167399566471368 5.20931508043044
1.01292905210154 2.66629066617695 1.82762897787782 2.66629066617695 3.82952531955806 -2.86887647659725 1.82762897787782 -2.86887647659725 4.21073517787585
-5.71035360721958 2.21649119044027 1.89714838385551 2.21649119044027 5.03385108274397 -1.45805202480147 1.89714838385551 -1.45805202480147 -8.01928613640807
-0.0409079785019093 3.01427210014068 2.26716322960581 3.01427210014068 -4.75824381522208 4.51925509871093 2.26716322960581 4.51925509871093 9.35500876793662
1.35324715570712 1.98504708960192 -1.82496264689209 1.98504708960192 1.51333159841695 -0.708640466395525 -1.82496264689209 -0.708640466395525 1.51119713918082
6.1826553607116 3.77190192072207 1.91005849476093 3.77190192072207 18.6054532795499 1.73574247679246 1.91005849476093 1.73574247679246 22.7426770677166
14.9487597907869 -0.484571812992968 -0.836307337482072 -0.484571812992968 10.535227331905 0.434056604688682 -0.836307337482072 0.434056604688682 13.9253590892149
13.8816027983479 -1.03154160921906 1.23416585388708 -1.03154160921906 2.98041843520791 3.87564918892302 1.23416585388708 3.87564918892302 10.8035563179817
22.3908709192614 -0.414811311448426 0.368323836889551 -0.414811311448426 13.0969519670678 0.960145147619848 0.368323836889551 0.960145147619848 24.4559875775499
6.40556356605509 -4.58439382952532 -2.51349847694967 -4.58439382952532 9.95857029841528 2.63937642975329 -2.51349847694967 2.63937642975329 -1.19381026207302
1.92192390763027 -1.08868474514499 3.31876522868222 -1.08868474514499 -11.4017933085576 0.178406438682978 3.31876522868222 0.178406438682978 -5.20622425611237
-5.37771337519065 2.15935269860327 0.614145890578141 2.15935269860327 4.58247318354459 -0.0885787342180011 0.614145890578141 -0.0885787342180011 5.21433482096633
2.6761903554732 -4.85409856562944 -0.724585286315088 -4.85409856562944 3.96757158208634 0.226303140998122 -0.724585286315088 0.226303140998122 -4.29768350335883
0.499763042726981 -2.36835498159774 1.23636158361374 -2.36835498159774 0.268948786045845 -1.53541657705277 1.23636158361374 -1.53541657705277 -8.92749403232776
-9.29817850562913 0.959988931259644 0.531686177313034 0.959988931259644 -5.3590590887901 -1.0042961127024 0.531686177313034 -1.0042961127024 0.546455237793951
-0.678432623080767 -5.39787816677924 3.50063344758245 -5.39787816677924 -6.16111486774511 -0.185385658632535 3.50063344758245 -0.185385658632535 8.53562904852779
4.55868168035886 3.40477906482134 0.225525558634468 3.40477906482134 -2.57055345472685 -1.12324865611148 0.225525558634468 -1.12324865611148 9.38449072143038
-6.19394877927804 0.118634099603108 1.28208079571078 0.118634099603108 -1.59011319468025 4.20838858592076 1.28208079571078 4.20838858592076 7.58009457464066
-11.4304847832122 0.393711943113262 1.28384329276064 0.393711943113262 -1.52777351838516 -0.16903936688015 1.28384329276064 -0.16903936688015 -5.6553297046106
-8.13416344636115 3.96767145275097 -0.965699769887625 3.96767145275097 2.36836776144386 -2.01660834300063 -0.965699769887625 -2.01660834300063 -2.33559514481871
0.696653143139394 0.169821264809603 4.22044438793866 0.169821264809603 11.0750481675263 5.14481240889093 4.22044438793866 5.14481240889093 15.3765436136695
-0.73608673069127 1.03918126685826 2.95221950812007 1.03918126685826 11.5707323254919 3.61548482427771 2.95221950812007 3.61548482427771 2.09607585076525
15.8242490436032 3.28231041556529 -2.7279402617658 3.28231041556529 17.5202923854254 -2.9237079398402 -2.7279402617658 -2.9237079398402 26.3993628685571
17.1108702553395 2.78120903763797 5.52845729653872 2.78120903763797 17.918779307404 5.24962142901203 5.52845729653872 5.24962142901203 18.6408927079219
9.9000179470342 -9.84661536059791 2.75228714710079 -9.84661536059791 0.963300501485278 -1.60618548435285 2.75228714710079 -1.60618548435285 5.09173122213647
-3.68029946840176 2.06991651371775 -1.35844569644183 2.06991651371775 -3.12603750026897 -0.257983752439992 -1.35844569644183 -0.257983752439992 -5.24231046950327
-3.07196444536597 5.61013287103579 1.89676925575825 5.61013287103579 2.08243743652212 -6.53847377485518 1.89676925575825 -6.53847377485518 -0.736343125984014
6.23542253289563 -0.223116765743257 -3.85814301117101 -0.223116765743257 -1.6447457156118 0.489672193843608 -3.85814301117101 0.489672193843608 5.51868460400357
-9.75998996207789 1.20065028680512 -1.56042702779899 1.20065028680512 -2.27998050978673 5.64138296779342 -1.56042702779899 5.64138296779342 -2.48915303362038
13.8789360097235 -1.65481274813984 3.51808892039599 -1.65481274813984 2.18134407709342 -3.35690586051224 3.51808892039599 -3.35690586051224 -1.34963948809327
-11.3211778531689 -2.96795923933035 1.26464929851969 -2.96795923933035 -1.00565285546492 -4.49393828219359 1.26464929851969 -4.49393828219359 -9.76253259226272
1.30976014819179 -2.00390769288145 1.53016466055676 -2.00390769288145 -4.43342409929524 -1.90510567009716 1.53016466055676 -1.90510567009716 4.661428767259
-23.3123509100298 4.21064853378221 0.764587928202223 4.21064853378221 -11.6637563551529 -2.47353941645025 0.764587928202223 -2.47353941645025 -2.84608650894539
4.97691069295015 0.283169056667853 6.04308509570714 0.283169056667853 1.56815591230455 0.383994402602619 6.04308509570714 0.383994402602619 8.32559931006014
-1.60327114484839 5.99019277017267 2.60938187777499 5.99019277017267 1.51962221555195 -1.33605928737366 2.60938187777499 -1.33605928737366 9.90078021478113
-4.43093955444332 -4.97345208531195 -5.60175729548073 -4.97345208531195 3.38376420416201 0.562699043645136 -5.60175729548073 0.562699043645136 3.79506440198334
12.50743665099 -6.98601505272656 -3.88069402901527 -6.98601505272656 15.1111583478133 -4.34017432845467 -3.88069402901527 -4.34017432845467 12.758236314434
1.93216842006777 -2.48923996646661 3.08517696959096 -2.48923996646661 15.9237328412481 4.56946726929819 3.08517696959096 4.56946726929819 14.8614103574178
13.1338312637131 -1.23118200306671 -0.163301338707805 -1.23118200306671 18.9557992156217 2.16878856575984 -0.163301338707805 2.16878856575984 13.374196155519
0.663492253783002 8.06575800685771 -0.965429308403092 8.06575800685771 6.81570013741147 4.65598477219898 -0.965429308403092 4.65598477219898 12.6871257919028
6.46579440690159 2.40140737202509 3.76699286159285 2.40140737202509 -1.74794942664674 5.61002750010579 3.76699286159285 5.61002750010579 5.77794393808227
-8.5677676241866 -1.57633315653466 -1.37220368302658 -1.57633315653466 -22.8171389276816 -6.94040209927492 -1.37220368302658 -6.94040209927492 -7.81078749326079
-2.73699923176729 1.69723359882423 -5.58322636840941 1.69723359882423 -8.29501916059021 1.26452305258934 -5.58322636840941 1.26452305258934 -11.0131135626676
7.50493229446196 3.04236773750002 -0.909946465164226 3.04236773750002 -6.46104511129459 -0.33378877343641 -0.909946465164226 -0.33378877343641 2.34927767291231
2.87537775808595 2.62126395940161 0.828731487601207 2.62126395940161 1.59336219715591 7.43797956689591 0.828731487601207 7.43797956689591 -5.00901794163381
-0.930436200729486 0.762440775597773 1.48352883116312 0.762440775597773 3.39867667766465 -4.16370199826445 1.48352883116312 -4.16370199826445 -9.50595651745291
-10.2941038380859 2.3573023026056 -1.58529611944054 2.3573023026056 -8.68610165443465 1.68024875159454 -1.58529611944054 1.68024875159454 -7.90171034533646
7.41428101911069 1.80416296509744 -4.51146993510232 1.80416296509744 0.835142573949699 -0.138127906632902 -4.51146993510232 -0.138127906632902 -5.17660893165768
6.37172603001768 3.57159530830587 -0.307706672715583 3.57159530830587 16.3326306067821 -0.116488954670899 -0.307706672715583 -0.116488954670899 -2.02866613511774
-10.6960397763439 8.49240666704923 -3.70688670323212 8.49240666704923 -9.14397924753835 -0.610086685851238 -3.70688670323212 -0.610086685851238 6.5035240711742
15.7750564444887 0.439581247370133 2.08524045496168 0.439581247370133 10.9729083639746 1.05277861765116 2.08524045496168 1.05277861765116 13.5402106070187
14.3293009508281 -1.39030623294132 0.378675513445859 -1.39030623294132 7.19483475547132 3.51052323817683 0.378675513445859 3.51052323817683 24.1986458544049
2.50368628228161 -1.58310009541191 -1.76220996022129 -1.58310009541191 3.76515898604658 3.62841919678351 -1.76220996022129 3.62841919678351 1.04577050098378
11.6683479964635 0.960274744634213 -0.178100669654911 0.960274744634213 11.7693329122472 3.18561507063166 -0.178100669654911 3.18561507063166 28.3308591007761
0.465294374706849 1.62251357387001 1.64457494508455 1.62251357387001 4.10542062510742 0.100278960066131 1.64457494508455 0.100278960066131 -1.88925560764591
5.47868652999393 2.61401383457226 -0.676147011198789 2.61401383457226 5.40917608959031 1.03212472114457 -0.676147011198789 1.03212472114457 3.91996756336743
3.8623134034078 -4.69074520298866 -1.22154822994496 -4.69074520298866 -2.63410218311769 8.46421873512774 -1.22154822994496 8.46421873512774 -3.83788243880891
-5.18410975922846 0.500242948442112 4.05669654706788 0.500242948442112 -9.9650386346379 2.41161899025078 4.05669654706788 2.41161899025078 -1.14234583748721
-9.78890847665135 -6.60598600877526 -1.63464449706939 -6.60598600877526 -2.4962032590557 0.402341622345687 -1.63464449706939 0.402341622345687 -5.272571103305
5.33615845351251 3.648761789683 7.28714598610752 3.648761789683 -3.46819166698538 1.83268296944829 7.28714598610752 1.83268296944829 4.21330286294454
-0.709968577977935 5.5207679299818 -4.64964084043832 5.5207679299818 -1.04753032517603 0.00435563544771739 -4.64964084043832 0.00435563544771739 -7.27391119768805
-3.14342695343484 1.21222581980865 2.13602549628352 1.21222581980865 5.30035289488747 -2.04615358205632 2.13602549628352 -2.04615358205632 8.69249514583478
-2.56157289160069 4.99526694929932 -0.80923324578649 4.99526694929932 0.0239772813566367 5.76054184593198 -0.80923324578649 5.76054184593198 0.965085574604629
1.41465960004157 -1.60248163733522 1.39268042546465 -1.60248163733522 0.815227566125649 -3.03512419839427 1.39268042546465 -3.03512419839427 4.08612836452684
3.2209481289082 0.775265430531255 0.945104506807432 0.775265430531255 6.66368611036529 -0.613418781373957 0.945104506807432 -0.613418781373957 3.48869443739065
-1.53654411360447 -1.6504362000485 0.319697084755157 -1.6504362000485 0.703333586461344 2.11599507972319 0.319697084755157 2.11599507972319 5.56472738151944
3.95824953062478 2.81733055940482 3.35881749670886 2.81733055940482 -2.02008595429665 0.0159848542377578 3.35881749670886 0.0159848542377578 5.66663082728515
1.69239644242261 0.453570238996378 1.33273722207306 0.453570238996378 -5.83447179678161 0.543485044083766 1.33273722207306 0.543485044083766 5.47481257643205
-4.43979326453724 1.01104203053818 -3.40077773908298 1.01104203053818 2.67946119160416 6.70764445951913 -3.40077773908298 6.70764445951913 0.493532374590773
-4.96129913404409 -1.40866527970241 4.90735025099165 -1.40866527970241 -1.61247217123382 -2.80334381194678 4.90735025099165 -2.80334381194678 6.10621431882349
3.33484021535223 -0.0399621355943946 0.88516130341584 -0.0399621355943946 -2.54958425092237 -2.88126997635585 0.88516130341584 -2.88126997635585 3.38079667128578
12.1005346579827 0.253759561024405 -1.93816357632814 0.253759561024405 4.56167777810014 2.56956531871957 -1.93816357632814 2.56956531871957 10.629928068109
4.3758538475862 2.55557857126153 2.3497735729504 2.55557857126153 -2.8253229865237 1.68440401530373 2.3497735729504 1.68440401530373 10.6379204952278
-12.789881496986 2.78336274414958 -1.40666717292269 2.78336274414958 4.69155471878192 -1.67241537462541 -1.40666717292269 -1.67241537462541 21.0340700701096
-4.79545627132735 1.19286974749268 -0.435587277978901 1.19286974749268 3.514669825527 -1.4586179491954 -0.435587277978901 -1.4586179491954 9.83667967656022
3.58660166959691 -0.973078001723508 -2.77337221025098 -0.973078001723508 0.613418781373957 2.35576789328956 -2.77337221025098 2.35576789328956 6.48385650019052
5.34693374252999 3.48270011705149 -4.16605263571563 3.48270011705149 -1.7423491119156 -1.48259523055204 -4.16605263571563 -1.48259523055204 8.00641386633695
2.93921507296772 -2.42969784413919 -0.519507762727129 -2.42969784413919 0.299716016957959 0.905142371213037 -0.519507762727129 0.905142371213037 -4.35787088656873
5.77852480694945 -3.3927853119641 -2.86728322889781 -3.3927853119641 5.35292806286915 -1.27679023224091 -2.86728322889781 -1.27679023224091 -0.343674366111793
0.773267323751535 3.67252026112486 5.61867626457188 3.67252026112486 3.65054108654794 3.00914881025791 5.61867626457188 3.00914881025791 6.85150814765895
16.7521272411702 2.09801211870571 -0.915132905111636 2.09801211870571 -1.88821090683514 5.81449072898441 -0.915132905111636 5.81449072898441 -4.30991632385545
-2.31180954413573 -2.5216107560063 -2.54958425092237 -2.5216107560063 -4.5776626323379 3.55263385434168 -2.54958425092237 3.55263385434168 9.64086521214769
8.68577017144166 -1.4486274152968 -5.82048504932357 -1.4486274152968 6.2900401425577 -1.04900605935286 -5.82048504932357 -1.04900605935286 22.7404532599902
-7.37101591038608 -0.435587277978901 -3.82038016282412 -0.435587277978901 -2.97917720856211 4.77947141708959 -3.82038016282412 4.77947141708959 -1.24881673732483
-2.97118478144324 -0.613418781373957 0.121884513562903 -0.613418781373957 1.81228284920579 0.467556986454416 0.121884513562903 0.467556986454416 6.8055516917254
1.32274668817446 -6.14417834763816 -1.67041726784569 -6.14417834763816 -10.7218409799761 5.78651723406833 -1.67041726784569 5.78651723406833 -0.721316547478822
7.7686391595503 0.347670579671233 1.13492465088081 0.347670579671233 14.1066338648213 -1.27679023224091 1.13492465088081 -1.27679023224091 3.23693298314596