-16.9332823808021 8.13108792093656 2.9227176079443 8.13108792093656 -27.9992456368375 3.51601469308441 2.9227176079443 3.51601469308441 -5.73358412606711
-4.42615504970174 0.395456757904551 2.13800418310963 0.395456757904551 10.3284000299777 -2.61382113780762 2.13800418310963 -2.61382113780762 10.88669192349
20.7589989257153 6.52808478049339 -4.56499920254014 6.52808478049339 25.3045808624003 1.65629277744225 -4.56499920254014 1.65629277744225 23.2813017602962
4.17629150739602 4.90641240029742 -1.43520906947476 4.90641240029742 16.6050351642719 -2.28006324554638 -1.43520906947476 -2.28006324554638 18.4637143516294
11.7861051158453 -3.26268155139625 -1.65483535167875 -3.26268155139625 18.7670586920012 -0.208386673915102 -1.65483535167875 -0.208386673915102 7.56321045915398
-11.3340983951465 3.14598559847531 0.530617874722854 3.14598559847531 -0.943041246545357 -4.70263234943952 0.530617874722854 -4.70263234943952 8.81177740771982
0.903140911407023 0.769852939748989 4.94774143068529 0.769852939748989 -10.5504323772764 3.65392887821162 4.94774143068529 3.65392887821162 -7.97429761471341
-16.1109236747871 -0.744041799679188 5.80951522845484 -0.744041799679188 -15.6755555629006 -1.18401698153283 5.80951522845484 -1.18401698153283 1.40515633995141
-12.830596896925 2.24576426795967 -0.224810604508998 2.24576426795967 -18.769343699371 1.45424359791758 -0.224810604508998 1.45424359791758 -11.2943910994468
-14.2751210409991 -0.431378208524148 0.554962235831066 -0.431378208524148 -12.0855851609765 6.75748134217827 0.554962235831066 6.75748134217827 -13.9300184741798
17.3384366243224 7.12585934672527 -7.59124809506851 7.12585934672527 11.703985871125 2.92220841982962 -7.59124809506851 2.92220841982962 8.38565586549627
-27.2452697343232 5.34548938610512 4.04864112526693 5.34548938610512 -10.4068636055248 -4.03718486854574 4.04864112526693 -4.03718486854574 -13.7475080654225
-11.8092491842725 3.43769540190371 -3.79491881073851 3.43769540190371 -15.3559673148465 -2.86706580077799 -3.79491881073851 -2.86706580077799 -18.9908314813669
-8.09279336362181 0.888091658978319 6.82110190429945 0.888091658978319 -2.53640837682028 -2.53873322409509 6.82110190429945 -2.53873322409509 -12.0008616325814
21.9606635456584 -2.08393013292581 0.250934202271405 -2.08393013292581 21.0059373229539 -6.12240245073123 0.250934202271405 -6.12240245073123 17.2007553963227
8.31012609685435 -2.04006702209384 1.30476372715698 -2.04006702209384 3.60258652383467 0.775265430531255 1.30476372715698 0.775265430531255 16.4903752530269
-5.61262265098535 3.6782641494397 -3.07248639806598 3.6782641494397 -3.3203045690825 1.977956142743 -3.07248639806598 1.977956142743 -3.57500657818282
2.08276322335672 3.24425939942799 1.09152652691035 3.24425939942799 -9.57184800521384 1.94748856831227 1.09152652691035 1.94748856831227 -5.52060531879658
9.00946346975626 -1.87222605259739 -1.52455547292615 -1.87222605259739 3.91628928825067 -1.16289814579688 -1.52455547292615 -1.16289814579688 14.3344180377093
-3.26862317651275 -3.03438959383105 -1.65028205980285 -3.03438959383105 -7.51943035313397 -11.2165945161439 -1.65028205980285 -11.2165945161439 -5.16644754528603
11.815590590789 -2.77453576651631 0.474244973969917 -2.77453576651631 4.95525197160875 -0.350617010670067 0.474244973969917 -0.350617010670067 14.1037212557977
-13.078635516125 10.0465463873619 -5.4738141914647 10.0465463873619 -14.1868627980298 6.55873762865661 -5.4738141914647 6.55873762865661 8.16411359777114
-11.5658863662055 -1.46662122460711 -0.0626562864942913 -1.46662122460711 -1.87968859482874 -2.70582333527199 -0.0626562864942913 -2.70582333527199 -3.00518114852249
-10.8814670193282 5.76541496377877 -0.577469157675347 5.76541496377877 1.52136452785152 1.21059799319892 -0.577469157675347 1.21059799319892 -11.5980853716241
11.9007239800107 -1.68840022886317 3.26690458484176 -1.68840022886317 11.3972010715213 -1.28278455258007 3.26690458484176 -1.28278455258007 12.640023488507
9.03451681515475 0.804371541159152 -7.5933511372446 0.804371541159152 1.14371578508567 0.0775045495387724 -7.5933511372446 0.0775045495387724 16.1984508536034
-11.4092517751413 8.48415806365304 -0.348885584861549 8.48415806365304 -6.85063416632115 -3.20004327836586 -0.348885584861549 -3.20004327836586 -6.55489009438553
-10.6532058374075 -7.71366236366351 1.52490283953202 -7.71366236366351 -4.65212666275692 -5.83920487322338 1.52490283953202 -5.83920487322338 -3.35947825570746
-15.1423432800823 1.91096787622438 4.77972762277861 1.91096787622438 -4.49815989222381 7.55155421619102 4.77972762277861 7.55155421619102 -4.02272585538538
0.0299716016957959 0.613418781373957 1.67840969496457 0.613418781373957 11.3732237901647 -1.81028474242607 1.67840969496457 -1.81028474242607 11.634975778308
9.76561352028364 -0.764841312680276 0.0448649932019156 -0.764841312680276 11.6114875263053 -0.457195645009998 0.0448649932019156 -0.457195645009998 17.114926692407
-1.97684641469821 7.46299608237168 0.343600187954497 7.46299608237168 -1.45686479692707 1.73403561521036 0.343600187954497 1.73403561521036 4.59278917899178
-24.2300967460411 7.7226389745231 -2.74138187603465 7.7226389745231 1.74963838131297 5.01788398891851 -2.74138187603465 5.01788398891851 -19.1023320858324
-10.680000533306 3.22651613590423 4.36392110467622 3.22651613590423 9.39171531357446 4.38016974708725 4.36392110467622 4.38016974708725 5.53150212364013
13.928616238824 12.3011516360687 -6.65955949143219 12.3011516360687 20.8961322385305 -6.38154319924009 -6.65955949143219 -6.38154319924009 9.46538545570933
4.89397351125645 9.13844520152945 -2.32094706659123 9.13844520152945 -15.254208851559 -4.80313409573429 -2.32094706659123 -4.80313409573429 8.12104374768124
2.63550284245032 1.05100416613258 -0.501524801709652 1.05100416613258 9.45304317485403 -2.28183794243993 -0.501524801709652 -2.28183794243993 15.3194846801112
-8.39746413929404 2.63241944745369 -0.564748480408191 2.63241944745369 -8.00098765508911 -0.809088639278674 -0.564748480408191 -0.809088639278674 -5.06890574864331
11.2833089850773 1.42664824071989 -5.12714199676082 1.42664824071989 18.1587944140929 0.463560772894977 -5.12714199676082 0.463560772894977 20.9281704107844
20.8362574989173 5.25102461710345 4.97528588150212 5.25102461710345 16.3525058852263 1.63245323903102 4.97528588150212 1.63245323903102 14.336416144489
17.9250159208657 7.33105377479168 -3.47870390349205 7.33105377479168 15.840990549618 -3.75644074587309 -3.47870390349205 -3.75644074587309 12.3163301901924
-1.732358578017 3.90030443401291 3.47470768993261 3.90030443401291 4.31591064419461 -0.791250284769012 3.47470768993261 -0.791250284769012 9.29119652569674
3.10505793568446 6.51582620866603 1.18687542715352 6.51582620866603 3.08707497466698 3.94426278316674 1.18687542715352 3.94426278316674 11.0735077732067
10.5839716121754 1.732358578017 -1.15890193223744 1.732358578017 19.6953385276974 4.62761530183089 -1.15890193223744 4.62761530183089 17.4894286428868
9.85066642401826 -2.03407270175468 0.161846649157298 -2.03407270175468 15.1056872546811 -5.83447179678161 0.161846649157298 -5.83447179678161 3.61257705773327
14.4662930851708 -1.87822037293654 -1.63644945259046 -1.87822037293654 28.7707395211844 1.17688489325492 -1.63644945259046 1.17688489325492 23.6795634464585
3.75444263909337 5.03922529845315 0.181827716954495 5.03922529845315 7.91450095446984 2.33378871871264 0.181827716954495 2.33378871871264 12.3143320834127
19.0239746497115 0.901146157653597 2.25586255430357 0.901146157653597 9.01545779009541 -1.54653464750307 2.25586255430357 -1.54653464750307 9.24324196298346
6.0562616493305 2.12398750684207 -4.55368535098126 2.12398750684207 27.967500595737 -3.67052215434514 -4.55368535098126 -3.67052215434514 21.7753676853856
8.93153730534719 0.253759561024405 -2.29982090345741 0.253759561024405 13.8868421190521 -1.71237751021981 -2.29982090345741 -1.71237751021981 9.68682166808124
8.1123135256621 -5.19907384083073 0.819223779685089 -5.19907384083073 18.314646742911 -1.67641158818485 0.819223779685089 -1.67641158818485 10.8017652511649
7.08728474766588 4.38784248826452 -0.0879166983076681 4.38784248826452 3.90030443401291 -3.56262438824028 -0.0879166983076681 -3.56262438824028 7.10926392224279
6.34398902561014 -0.785255964429853 -0.711326013580223 -0.785255964429853 7.45293828835459 1.66442294750653 -0.711326013580223 1.66442294750653 15.9069280733488
11.7069076223779 1.67241537462541 2.2378795932861 1.67241537462541 2.90125104415305 0.251761454244686 2.2378795932861 0.251761454244686 7.12325066970083