0.55240960541421 0.671349472608657 -4.12060562124762 0.671349472608657 3.52062006895563 -1.15503826586607 -4.12060562124762 -1.15503826586607 -0.155943381432719
8.61693283297721 2.47142091988764 -1.03878975563192 2.47142091988764 3.22474173504055 -1.43791762611644 -1.03878975563192 -1.43791762611644 2.31282706406597
4.69167342689513 0.778865312849783 -1.44948154832044 0.778865312849783 3.83096125066114 -2.13593911218805 -1.44948154832044 -2.13593911218805 1.31219003554692
0.171683123089546 -1.2379256770141 -0.246229742325797 -1.2379256770141 -3.35685685409297 2.08956432707672 -0.246229742325797 2.08956432707672 0.725135296207163
-0.510441681386941 -1.560267613724 2.75743753656451 -1.560267613724 -5.88323504938763 0.284163410256648 2.75743753656451 0.284163410256648 -0.826178803894328
-3.63923906678192 1.51867757287899 -1.94278987165957 1.51867757287899 6.07471029151595 -1.88691879038309 -1.94278987165957 -1.88691879038309 -1.24186176110004
-4.66145465177918 -0.376656221146627 -0.766669045880013 -0.376656221146627 -6.20814934712596 3.10407467356298 -0.766669045880013 3.10407467356298 -0.587690557817432
2.84834231017634 -2.98842471887354 0.622588483098654 -2.98842471887354 -9.9225039493848 3.56172494706022 0.622588483098654 3.56172494706022 0.210123613045796
0.588130837740907 1.28077273027201 -0.487718255687582 1.28077273027201 0.936501020374894 -0.163938909474817 -0.487718255687582 -0.163938909474817 4.10462044597574
-5.87736078036023 1.79197141159532 -2.30869044079113 1.79197141159532 3.09267793336409 -3.41085467547973 -2.30869044079113 -3.41085467547973 -1.36688728412882
8.66506053849915 2.57545589395733 -0.811771005590247 2.57545589395733 3.07256647718523 -1.30094897312834 -0.811771005590247 -1.30094897312834 2.28723752389434
-5.5468737832178 1.75057301048341 -2.35106026407947 1.75057301048341 3.87263389819151 -3.1398358938031 -2.35106026407947 -3.1398358938031 -1.22133000731401
-4.67167850836736 -0.879491035948588 -1.37605760399821 -0.879491035948588 4.63709178223455 -3.25362273692216 -1.37605760399821 -3.25362273692216 2.94481268216493
0.327014257852788 -0.895396182215968 3.01579815575349 -0.895396182215968 -2.43963017763191 4.56522285367503 3.01579815575349 4.56522285367503 -3.88524082544146
-4.53521162090846 0.999889176263282 -3.90007793496571 0.999889176263282 3.95874490194034 -0.415770244211518 -3.90007793496571 -0.415770244211518 1.17589007718718
-3.13391577820732 0.564575319510242 0.240467265717325 0.564575319510242 0.614237037430124 -2.2765977004325 0.240467265717325 -2.2765977004325 -5.16743243829513
5.73132457987993 2.02219927599633 -4.10775727604476 2.02219927599633 2.07235826587091 0.604547825330494 -4.10775727604476 0.604547825330494 2.9197812000678
-8.52584153810666 0.338880771914457 -0.211302128370191 0.338880771914457 2.25056700877307 -3.74164240519668 -0.211302128370191 -3.74164240519668 -2.76486841556089
-5.75207772093088 1.725880910445 0.522916156448262 1.725880910445 -2.2307654752916 4.7268529412934 0.522916156448262 4.7268529412934 0.674896714233717
-2.18621239607842 -0.933048650312698 -0.193557964692528 -0.933048650312698 -1.93309813455743 -0.325078120188733 -0.193557964692528 -0.325078120188733 3.61308200759385
-0.391399891159865 2.08746608618595 -1.54733423638533 2.08746608618595 0.00260933260773243 0.211355941226327 -1.54733423638533 0.211355941226327 -2.87026586850568
4.5549073379039 -0.523603571234935 -4.70577616351397 -0.523603571234935 0.896338316859804 1.39553663689311 -4.70577616351397 1.39553663689311 2.757793385784
-0.156004872343722 -1.83243818308499 0.222864103348174 -1.83243818308499 8.81303715351281 -3.60049340298051 0.222864103348174 -3.60049340298051 -0.812215843313347
-1.30979640069405 -0.949701317723785 -1.24054734627669 -0.949701317723785 9.37434342369852 -2.42965253784335 -1.24054734627669 -2.42965253784335 -2.5147299475561
-1.37834133286587 4.71961234599985 -3.27959426088512 4.71961234599985 0.5738619557068 -2.94975771624991 -3.27959426088512 -2.94975771624991 -4.23424312178055
-4.01147837108671 1.54971615349138 -2.13149484062176 1.54971615349138 5.97021796836845 -2.08322499321793 -2.13149484062176 -2.08322499321793 -1.15847633769192
1.65933792796985 3.26048867345949 -4.81348450931035 3.26048867345949 4.63892296186975 -2.21512584338417 -4.81348450931035 -2.21512584338417 -2.41777775478073
-2.36169693957377 1.14556415296058 -0.53161704018294 1.14556415296058 -2.46990217784109 -0.421059514127196 -0.53161704018294 -0.421059514127196 0.505741874510319
-5.93467136366792 -2.72027673223928 2.7229050189371 -2.72027673223928 -5.2118925217686 3.91089060634981 2.7229050189371 3.91089060634981 1.44292939710084
4.3817474378665 -1.11852569257014 2.79631423142534 -1.11852569257014 -5.13854807848161 1.01334323065414 2.79631423142534 1.01334323065414 -3.89431651679235
1.68565211658842 -1.46157751498754 -1.78750420822518 -1.46157751498754 -5.30649397427532 0.94977075451281 -1.78750420822518 0.94977075451281 -1.81042092884345
-0.284540937860126 -3.12239613227041 -1.73242624113068 -3.12239613227041 -6.88437985937686 -0.737791989318735 -1.73242624113068 -0.737791989318735 4.84223206641613
-1.72844267482648 -1.96050210802077 2.9180806886731 -1.96050210802077 -6.53233967692908 -1.96850415744127 2.9180806886731 -1.96850415744127 1.83246931729289
-0.992971398000817 -2.12242691245991 -1.17297218927188 -2.12242691245991 7.74992417802231 -1.68923819500537 -1.17297218927188 -1.68923819500537 -2.45671409624903
0.423520088104384 -0.489854559735191 0.2168626957161 -0.489854559735191 2.9697432683946 2.60490367442516 0.2168626957161 2.60490367442516 0.0995017074462107
-3.418172224399 -0.255277985392009 1.94521824868711 -0.255277985392009 -5.44507942841154 1.2968121657914 1.94521824868711 1.2968121657914 1.85842373365382
5.06287596828725 0.73753580114655 0.932163304226889 0.73753580114655 -1.33166186318127 2.11017187550263 0.932163304226889 2.11017187550263 -3.10891827288858
1.62874927515607 -4.40810635850716 0.710819934840482 -4.40810635850716 -1.86654155551637 -0.0562519372895346 0.710819934840482 -0.0562519372895346 -4.25980579656203
-4.60096563162882 -1.4439060243838 2.1750979233862 -1.4439060243838 5.99207801709548 0.282445968206703 2.1750979233862 0.282445968206703 -5.73338918640149
1.16266618787002 0.871999640902512 -4.10368315855031 0.871999640902512 3.26075017234454 -0.845575409360012 -4.10368315855031 -0.845575409360012 0.129478734558252
0.101625386668481 4.7549983551726 -4.61593203657363 4.7549983551726 3.48200666953584 -2.89097481549021 -4.61593203657363 -2.89097481549021 -3.01399502040468
-2.33321073236822 -2.71759913643349 1.69077137172766 -2.71759913643349 -7.06952099784379 1.08596444225433 1.69077137172766 1.08596444225433 -2.8089921835539
3.56288838739245 1.23315072904601 -0.91110475352656 1.23315072904601 2.91064337368216 0.234400551802135 -0.91110475352656 0.234400551802135 1.01709456825448
7.67966788496531 -1.58126133180934 -0.367311116614691 -1.58126133180934 -7.69269310186654 4.63176713007745 -0.367311116614691 4.63176713007745 -1.20874012843416
-10.0991505251903 -1.59199408553746 2.34140101496855 -1.59199408553746 -4.21491833854626 -0.0337034862442552 2.34140101496855 -0.0337034862442552 5.88423218664408
-3.51582939956229 1.65699968157968 -0.829745705212078 1.65699968157968 1.01911709739261 -1.38789296637576 -0.829745705212078 -1.38789296637576 -1.3829095086868
-6.11455339125368 0.380540794307414 0.386517874846274 0.380540794307414 -4.22181122061471 1.84492552632809 0.386517874846274 1.84492552632809 1.0977904589706
2.10628482901902 -2.00465468045357 -2.2587300518672 -2.00465468045357 -5.82340751280048 0.721574054814719 -2.2587300518672 0.721574054814719 -0.251534617699497
-6.82856457556917 1.54069966516391 -1.9360778904957 1.54069966516391 -1.00247511326062 -4.49965928700188 -1.9360778904957 -4.49965928700188 -3.12986504827171
-4.94078964605498 -1.67374439165203 -2.91153675571097 -1.67374439165203 -0.269875064700482 -0.812220146646644 -2.91153675571097 -0.812220146646644 -0.451521742864268
-4.06762223052906 -0.463145105456279 1.52032415051952 -0.463145105456279 -3.88639153708964 -8.39702212935948 1.52032415051952 -8.39702212935948 2.95506714024821
3.91574990107358 1.61329952094131 -4.1032200581715 1.61329952094131 2.44503331651661 0.137302086888622 -4.1032200581715 0.137302086888622 1.63178249417631
-0.0968977851658338 -1.28007074087496 0.160646328038093 -1.28007074087496 2.07565255592076 3.16702760989383 0.160646328038093 3.16702760989383 0.49213875097384
1.56599394406792 -4.48850140249157 0.682088716257967 -4.48850140249157 -2.21998162707181 0.189043314618313 0.682088716257967 0.189043314618313 -3.79363948929993
-3.89223474587103 -0.960483774211867 3.4922327750646 -0.960483774211867 -5.18086384942711 -2.15330402248496 3.4922327750646 -2.15330402248496 -2.40001182483863
1.93211825182813 -2.67407191865073 -2.50947468880954 -2.67407191865073 -6.51805030171116 0.311468604161023 -2.50947468880954 0.311468604161023 2.18028022912716
0.0132192273467482 0.475892184482936 -4.14026200500154 0.475892184482936 3.80449363039414 -1.4805534628358 -4.14026200500154 -1.4805534628358 -0.380713747586348
-2.55286266938392 2.09310541139061 3.3465488831829 2.09310541139061 -2.33750269063969 -1.12519539456258 3.3465488831829 -1.12519539456258 -3.23523923124768
4.73452332877781 -0.836107586772246 2.43907458595217 -0.836107586772246 -4.41649467614051 1.33879803771507 2.43907458595217 1.33879803771507 -3.7650488876738
-1.31897880774519 0.822779486597287 2.19745413651214 0.822779486597287 -0.394934153566698 -3.06580294852097 2.19745413651214 -3.06580294852097 -2.06580941865657
3.54628344418293 -3.83516002869389 1.18784326914577 -3.83516002869389 0.107789770339907 -0.560506805767516 1.18784326914577 -0.560506805767516 -2.76372971151521
-2.37384680978613 -0.541856337016399 1.99712764214616 -0.541856337016399 -8.66196058744786 2.85377670828637 1.99712764214616 2.85377670828637 -3.47304109344797
-4.40586005659932 -0.61902737508726 3.46655330048866 -0.61902737508726 -10.4857854493042 -1.50450566379904 3.46655330048866 -1.50450566379904 -3.63880439616511
2.11107381251834 -0.910176950948054 -3.02795968448075 -0.910176950948054 -1.93887817314979 1.706302244652 -3.02795968448075 1.706302244652 2.91167172023186
0.391085547913645 1.27294511673853 1.48510263619495 1.27294511673853 -4.14857414551533 -0.434539497681828 1.48510263619495 -0.434539497681828 1.49788320965618
-10.5995448455117 -1.20661360533067 2.43704195287182 -1.20661360533067 -5.91200975375012 0.21830180359601 2.43704195287182 0.21830180359601 6.3367059898369
1.44096651744127 1.89126855414167 4.02130190913843 1.89126855414167 0.955059203420378 4.8444121436652 4.02130190913843 4.8444121436652 -3.87469194370109
-5.05725670354258 -2.04939678433236 -2.36109211274792 -2.04939678433236 -0.488322681184389 -0.987035206649297 -2.36109211274792 -0.987035206649297 -0.675339878233729
-5.9443875400232 0.059335991778816 1.29190636645695 0.059335991778816 -4.87903677853992 -2.84812760538317 1.29190636645695 -2.84812760538317 -1.93381391388232
1.01149465892893 0.386592199485926 1.79791851678728 0.386592199485926 -5.68502364586495 -0.0926762122055301 1.79791851678728 -0.0926762122055301 3.82885150997705
-0.542466019237022 1.75503712106095 -4.96196858772688 1.75503712106095 7.44827117589657 -3.64834989408429 -4.96196858772688 -3.64834989408429 -0.194117742177954
-3.43707026023782 -0.355558992438395 0.929194166905672 -0.355558992438395 -4.3781163935581 -1.34638338470005 0.929194166905672 -1.34638338470005 0.303410340214097
-0.436291150691593 3.18070322762258 -1.98643159854053 3.18070322762258 3.55466707107252 -2.46092335689636 -1.98643159854053 -2.46092335689636 -0.0583061906454203
-5.93464506413299 1.88033692908072 0.272083137302511 1.88033692908072 -4.48263703437009 -2.96597558584223 0.272083137302511 -2.96597558584223 -3.67446929980817
-4.31330083293149 -0.316478877682547 1.45222968872072 -0.316478877682547 -5.05345304686648 1.35269197719153 1.45222968872072 1.35269197719153 2.17962065758787
3.88236050123744 2.38149158336539 -0.484765842302821 2.38149158336539 0.982232973050258 3.89717867108949 -0.484765842302821 3.89717867108949 -2.65033552210975
-1.26620639020874 1.87189686964879 -1.44895782797082 1.87189686964879 0.159254824335532 -0.60046900978971 -1.44895782797082 -0.60046900978971 -3.13549252503236
-0.133107291188355 2.59293003234915 -5.14326573151803 2.59293003234915 7.09728076616308 -3.36229017541784 -5.14326573151803 -3.36229017541784 -0.492496977396913
-1.83680976447562 0.76511524296735 2.30334344921181 0.76511524296735 -4.5400392291756 0.727792548188455 2.30334344921181 0.727792548188455 -0.922403742392694
2.12105289509415 1.10825013768669 -2.0759805210734 1.10825013768669 -0.310203985907519 1.08438829261688 -2.0759805210734 1.08438829261688 5.10643484493916
1.43857288770644 0.779226980840988 2.20998153763598 0.779226980840988 -3.38794339496082 -3.36188229192266 2.20998153763598 -3.36188229192266 -4.82130406205962
1.94071496140508 -1.7397759287039 -2.05008683996396 -1.7397759287039 -5.56524814620488 0.836822047578339 -2.05008683996396 0.836822047578339 -1.05047874057706
2.61383236619002 -1.97270367259624 -0.0643272936716167 -1.97270367259624 -1.24580525410698 0.0471733486925189 -0.0643272936716167 0.0471733486925189 -1.41520046077557
-1.98752245336721 0.413636306632093 3.1126132074065 0.413636306632093 -1.53459069760507 1.21402255996519 3.1126132074065 1.21402255996519 1.67522704185998
-5.70395977800302 -0.70260341412167 -0.469296173554551 -0.70260341412167 -7.97803495042736 4.54546865242836 -0.469296173554551 4.54546865242836 -4.08689924855506
-2.11173165110262 -2.17580441927767 3.10752925648982 -2.17580441927767 -6.8370983040124 -2.13842863784222 3.10752925648982 -2.13842863784222 1.24941897941343
-2.12960750750208 0.109142384759482 -1.12602996959173 0.109142384759482 -3.58838865014101 1.89535068167686 -1.12602996959173 1.89535068167686 2.57150106530877
1.13108684265729 1.89991315275845 -0.857436800078914 1.89991315275845 -0.26583146993328 2.05107222389698 -0.857436800078914 2.05107222389698 -3.07530524040462
0.931862987024807 1.66082032364905 -2.94338443482298 1.66082032364905 -4.28857374673782 -0.425851365038218 -2.94338443482298 -0.425851365038218 0.598696919083142
-3.70253500799305 0.41418188225007 0.38907994999249 0.41418188225007 -0.599936180956162 -0.697833716760723 0.38907994999249 -0.697833716760723 -4.05145186637341
-0.846546128804927 0.129627375973255 -4.19040333758439 0.129627375973255 4.43113989296329 -2.16133808510508 -4.19040333758439 -2.16133808510508 -0.669300533086396
2.91249384794418 1.30490949415806 -5.34792400985209 1.30490949415806 4.09513071668958 -1.51738323667842 -5.34792400985209 -1.51738323667842 -5.79692512612153
-3.79571948588504 -0.954883007427791 2.16217897941255 -0.954883007427791 -5.03873427360899 -1.83118462022936 2.16217897941255 -1.83118462022936 -0.754857639288304
-3.82007321823479 -2.3108092028901 3.669951042641 -2.3108092028901 -8.62130208410041 -2.32153221543251 3.669951042641 -2.32153221543251 -1.60309037509081
-5.02240417313172 0.565764896973336 -0.198513998938013 0.565764896973336 3.55588200597715 -2.47646213675171 -0.198513998938013 -2.47646213675171 -0.188588298991112
-2.26208580149568 -2.84390831363203 -0.684644594022527 -2.84390831363203 -5.8182251213636 -1.74045182509756 -0.684644594022527 -1.74045182509756 4.49407733512223
0.0861577666331654 1.18774635430007 -0.168212782474275 1.18774635430007 0.541563104551326 -0.139493526929887 -0.168212782474275 -0.139493526929887 4.24634706977744
0.398820462179097 1.42143703186909 1.37541928623304 1.42143703186909 -4.0623443230935 -0.73884047160102 1.37541928623304 -0.73884047160102 1.48535056747471
-3.91242650162381 1.00154926252685 -0.819993519718198 1.00154926252685 -2.42406843420343 2.09886419159013 -0.819993519718198 2.09886419159013 -0.49678439515774
-4.73759081443214 -4.08247281072796 0.240294248462922 -4.08247281072796 -4.97788506289506 -0.121411830802319 0.240294248462922 -0.121411830802319 -4.59341426535438
-0.431487746747178 -2.02388300259986 4.51521106417583 -2.02388300259986 -9.0894948555849 -1.96224189592169 4.51521106417583 -1.96224189592169 -3.76010750736827
-0.135127353994155 -1.4864008939357 0.127478635843542 -1.4864008939357 1.63427611151421 3.37053513170325 0.127478635843542 3.37053513170325 0.586401724880294
3.51420538372894 2.26413380073459 -1.20598192135347 2.26413380073459 -4.01475271882834 -3.43899360798862 -1.20598192135347 -3.43899360798862 -1.9010424695744
-2.48904185813719 0.434848684754944 2.44368954132226 0.434848684754944 -5.18883860029672 0.765653819169747 2.44368954132226 0.765653819169747 -1.05910998679578
-3.09880134889308 -1.21090835892442 -2.50867512334131 -1.21090835892442 -3.0042789664454 0.72296849277555 -2.50867512334131 0.72296849277555 -4.99691297480204
0.717077986212493 -0.186287163677978 0.229669105904357 -0.186287163677978 3.06735850330041 2.44214815944966 0.229669105904357 2.44214815944966 -0.0944195213162357
1.1075280826492 1.34704894340698 -0.734940077025995 1.34704894340698 1.31634114074572 -0.151491826462183 -0.734940077025995 -0.151491826462183 3.81800346421582
-5.19966461353073 -2.7637856954803 -1.19191511161015 -2.7637856954803 -1.04617876608576 -1.23355406747426 -1.19191511161015 -1.23355406747426 -1.20492728531768
-9.75723063709057 -1.73224041779751 2.24160630724141 -1.73224041779751 -3.47240870936069 -0.0951344851879641 2.24160630724141 -0.0951344851879641 5.39491809753413
-0.0504215571187543 0.947925273832582 1.03465035207684 0.947925273832582 2.87201189348425 -1.26255579025361 1.03465035207684 -1.26255579025361 -2.00677797332642
-8.23084540555543 -1.94346700705521 3.32753067289047 -1.94346700705521 -7.57952132751531 5.61504386632977 3.32753067289047 5.61504386632977 -1.19234327189603
-0.0263480994866356 -0.334620863480272 2.41348591297582 -0.334620863480272 4.41330666401146 0.964340441210862 2.41348591297582 0.964340441210862 -2.41348591297582
-0.491633773876124 0.465058975288226 -1.42972416402895 0.465058975288226 -2.17116104463132 1.45629896261684 -1.42972416402895 1.45629896261684 3.85600327510409
-0.19163339398043 -2.40836562705135 1.4501986571492 -2.40836562705135 -10.5217091857093 3.19561632664663 1.4501986571492 3.19561632664663 -0.991832295871684
-3.8512946796833 3.48181670908077 -1.58311047126222 3.48181670908077 -2.85062517596812 4.57742152468687 -1.58311047126222 4.57742152468687 2.89167828381284
-2.86546728818676 -0.210107587471794 -2.87147036211452 -0.210107587471794 2.12909021971418 -2.6493566267872 -2.87147036211452 -2.6493566267872 -7.52585368077542
0.915023053181229 0.214111354607528 1.57755630140075 0.214111354607528 3.15107276592211 -0.737270230488187 1.57755630140075 -0.737270230488187 -2.99149920918631
6.09392166459455 -2.77799669912647 -0.202697607606983 -2.77799669912647 -8.8901091746601 4.05914952669368 -0.202697607606983 4.05914952669368 0.304046411410474
5.19814159161896 1.90343325929775 -4.11574542475061 1.90343325929775 2.17271230568939 0.472558326510815 -4.11574542475061 0.472558326510815 2.49215117444809
-6.62043121419638 1.786344219073 -2.10233092829562 1.786344219073 0.708421815837796 -4.10273066006781 -2.10233092829562 -4.10273066006781 -2.1227171676003
1.98751447977689 -3.01826020253959 -2.75687492356149 -3.01826020253959 10.0041516680581 -3.77529115203277 -2.75687492356149 -3.77529115203277 1.51899369670293
-4.69247295422774 -3.74352159913879 1.422119937103 -3.74352159913879 -2.94357913451835 -1.12671634722683 1.422119937103 -1.12671634722683 -2.29264556036642
-4.67885437415565 0.76363398355488 -2.49011081593983 0.76363398355488 0.720216666764134 -3.41464426760159 -2.49011081593983 -3.41464426760159 -3.6930258870246
-0.370776564386128 3.06849570526451 -2.63634922677309 3.06849570526451 -2.55707975438709 5.18064358238824 -2.63634922677309 5.18064358238824 3.57479749663315
5.62936706584603 1.15914265567843 -1.4944754968428 1.15914265567843 3.736188742107 -2.03312037556353 -1.4944754968428 -2.03312037556353 1.6212154683065
-2.40092840399784 0.038435353319069 2.27024820271301 0.038435353319069 -3.84609768879484 -2.90571271092161 2.27024820271301 -2.90571271092161 1.19662066666701
-1.20549608958568 4.02723189605539 2.12177033509738 4.02723189605539 0.0777739412635923 -0.199295724487955 2.12177033509738 -0.199295724487955 -1.73290062877942
-3.86887134497375 -0.658638266655701 -0.0678749358767325 -0.658638266655701 1.01561015163704 -6.38024397241286 -0.0678749358767325 -6.38024397241286 2.59935865542746
-4.48211346194423 0.936352433697927 -1.10405734719606 0.936352433697927 -2.60541562041747 1.91662758283584 -1.10405734719606 1.91662758283584 -1.1459835755706
-2.10017071296413 3.65224809352055 -2.31018778426055 3.65224809352055 -2.85828111666826 4.74587357453968 -2.31018778426055 4.74587357453968 3.33978367037223
-0.157476169059326 2.32045766760948 0.312636512103073 2.32045766760948 1.45897038981434 1.73455368566816 0.312636512103073 1.73455368566816 -2.68404235205527
4.41627013435447 -4.13295407774309 1.3365597174491 -4.13295407774309 1.68475731374247 -0.508238727508962 1.3365597174491 -0.508238727508962 -3.31760939573935
-2.7366993918627 -1.74316968768741 4.02032950061632 -1.74316968768741 -7.62219558577895 -2.86506240273806 4.02032950061632 -2.86506240273806 -1.77397681029749
3.75820886650651 0.756807696141861 -1.68150788460188 0.756807696141861 -2.90324863639403 -3.88993989894076 -1.68150788460188 -3.88993989894076 -3.47408311027578
-3.14986188169449 1.19468220341666 2.85860752962 1.19468220341666 -10.6011190556002 -0.973544639804546 2.85860752962 -0.973544639804546 -3.45999383066269
-2.84805695437096 -2.42552831700888 3.41499411336311 -2.42552831700888 -7.50122042911787 -2.34797559242977 3.41499411336311 -2.34797559242977 0.0775527245791153
3.75350214996721 2.23245778509365 1.11224710101574 2.23245778509365 0.0929084690585943 -0.0265452768738841 1.11224710101574 -0.0265452768738841 0.692831726408375
-7.02081073707302 -0.00399363523155462 -1.07229105967241 -0.00399363523155462 1.74721541380514 -3.52637990946273 -1.07229105967241 -3.52637990946273 -5.25762078234165
-0.276444725412885 -0.765539239604912 2.16371160082777 -0.765539239604912 -5.69369809456154 -1.07919767805415 2.16371160082777 -1.07919767805415 3.67086697879994
-0.625135766554808 0.0384304774521398 0.245955055693695 0.0384304774521398 -4.62446745340749 1.75755383547786 0.245955055693695 1.75755383547786 -4.67827012184049
1.83106960831518 0.704846878514631 0.252825510771553 0.704846878514631 2.69935924126799 2.06346477478196 0.252825510771553 2.06346477478196 -0.883612391181386
-1.1867576784703 0.626565575210271 -4.63021340324878 0.626565575210271 7.33294118106258 -3.95320398935633 -4.63021340324878 -3.95320398935633 -0.159296332680577
3.70673615636372 0.385458318254347 -1.37022511763018 0.385458318254347 3.92058631923085 -2.22826589456622 -1.37022511763018 -2.22826589456622 0.934604415493416
6.16810542177648 2.15117301342162 -3.54124304420758 2.15117301342162 1.5909166512037 0.959306884363694 -3.54124304420758 0.959306884363694 5.04759269734065
-1.84005343594888 -2.94960816813087 -0.943874613801879 -2.94960816813087 -6.2381074874938 -1.493631370245 -0.943874613801879 -1.493631370245 4.77208947031216
-1.43079684021064 0.982564909737572 1.72202097582873 0.982564909737572 0.536865363052488 -2.65647059359462 1.72202097582873 -2.65647059359462 -2.08161947372238
-4.99230896217057 -2.04975225113458 0.515079496096964 -2.04975225113458 4.83910582999814 -1.1754378244264 0.515079496096964 -1.1754378244264 -5.56021712453389
-1.33410281379135 1.00551823187607 -0.676933649960797 1.00551823187607 -0.583052340842146 -0.0469406545593254 -0.676933649960797 -0.0469406545593254 4.76324115738838
-2.51580527438189 4.34694635989785 -2.44062646148681 4.34694635989785 -0.861871390690062 -2.97761798216598 -2.44062646148681 -2.97761798216598 -4.49730398568802
-4.14929134603185 0.975402642574873 -3.08196594132951 0.975402642574873 1.94825187509065 -2.63001236086942 -3.08196594132951 -2.63001236086942 -2.72959535317419
0.392478408333045 -1.98023196931673 -0.101942443722869 -1.98023196931673 -0.14781654339816 4.28158263636049 -0.101942443722869 4.28158263636049 1.11881831985848
-3.21709784245031 -0.0158380201474477 -0.671136103748095 -0.0158380201474477 9.27514054884903 -2.78551179343236 -0.671136103748095 -2.78551179343236 -1.84116984214079
3.11067270436855 1.30101265942777 0.299053990477502 1.30101265942777 1.5847305478295 1.94001691258482 0.299053990477502 1.94001691258482 -1.81221606195341
-6.71491299693792 -2.43494781433775 1.18184052452003 -2.43494781433775 1.03930699392465 -0.449376547849324 1.18184052452003 -0.449376547849324 1.58964479261237
1.41014676139256 -4.43188982151948 0.489598875564868 -4.43188982151948 -3.06509296056756 0.59924862373825 0.489598875564868 0.59924862373825 -2.77184363405735
-5.13063773798889 -2.61000167716341 2.54692006563076 -2.61000167716341 -4.69958005918245 3.68238907321846 2.54692006563076 3.68238907321846 1.70320351138156
-0.306819038187279 0.3159778154466 1.30741545376818 0.3159778154466 -0.613638076374557 2.41104811351645 1.30741545376818 2.41104811351645 -2.3469366727012
7.29559638385157 -1.83100023050842 -1.70645725540224 -1.83100023050842 5.36627275194353 0.769107495392558 -1.70645725540224 0.769107495392558 -2.53018886268347
-1.17940023550992 0.81302459515954 1.13000127276604 0.81302459515954 -0.603079003498089 0.195537560861155 1.13000127276604 0.195537560861155 3.79754526093507
-1.97390639985801 -0.0536248827904505 2.31353065753086 -0.0536248827904505 -5.38547037166953 1.10058688012782 2.31353065753086 1.10058688012782 1.56022873261739
-3.67002612063081 -0.230879755950562 3.90571587149701 -0.230879755950562 -4.62000011646906 -2.01538786965178 3.90571587149701 -2.01538786965178 -3.25877155534387
2.61688978397805 -0.284956030423185 1.53719399898012 -0.284956030423185 -6.65855972007203 5.42200740456592 1.53719399898012 5.42200740456592 -2.922760018469
2.78226639281142 0.7967592885999 -1.37835096182924 0.7967592885999 -0.607156142382277 1.68086384680567 -1.37835096182924 1.68086384680567 -0.854279344194011
7.51647336108726 -1.07691520872304 -3.22855231617171 -1.07691520872304 5.0139066540547 1.01111590880106 -3.22855231617171 1.01111590880106 -1.25895993850717
-0.238040322676515 -0.148455255002558 -0.0947042143981833 -0.148455255002558 -4.55604058456125 1.60485249804489 -0.0947042143981833 1.60485249804489 -4.44341935662828
-4.64372681320554 -0.945320851544908 -3.86934069098108 -0.945320851544908 0.0284891215534082 -0.398847701747715 -3.86934069098108 -0.398847701747715 -0.173524649461668
7.26316029951147 1.83031639547689 -1.45791435830194 1.83031639547689 3.54706337536142 -1.80918720187831 -1.45791435830194 -1.80918720187831 2.06273752506126
-8.12300822539877 -0.137340741865355 1.2460189044596 -0.137340741865355 -5.67476021823374 1.43312078468197 1.2460189044596 1.43312078468197 2.50796137319344
2.50059003419956 -0.510804289037345 -0.910471243221377 -0.510804289037345 -1.16266750308082 0.750177010259867 -0.910471243221377 0.750177010259867 -0.831392754960365
-5.82743017173603 -0.0484556556949605 -1.91527354878502 -0.0484556556949605 1.18078782035614 0.790592277128302 -1.91527354878502 0.790592277128302 2.94049321138365
4.03080633081224 -0.573289985308466 -4.5018818226161 -0.573289985308466 0.277756775827745 1.45100139692414 -4.5018818226161 1.45100139692414 2.98866290790654
3.81768037361939 -4.0162256502576 1.3056510039795 -4.0162256502576 0.591319628248566 -0.580529124083446 1.3056510039795 -0.580529124083446 -2.98249535123912
2.06623965798915 2.9930384172037 -5.05727201727247 2.9930384172037 4.65004225943577 -2.05821542630764 -5.05727201727247 -2.05821542630764 -2.99705053304445
-4.1028947517145 1.29363659149207 -4.02889975930174 1.29363659149207 3.5645173931251 -1.1022702318039 -4.02889975930174 -1.1022702318039 -0.0995105070378518
-5.35040905347856 -0.32403526456451 0.472019873578223 -0.32403526456451 -3.65368896737305 1.29869251703414 0.472019873578223 1.29869251703414 2.68923755000782
-3.67862573793962 -0.496362513954866 2.68842031669971 -0.496362513954866 -5.99666387417554 -8.72539789759239 2.68842031669971 -8.72539789759239 2.09127353595197
-2.03127064029619 -1.90800769372954 4.33474695426039 -1.90800769372954 -8.56934276443538 -2.61933761454123 4.33474695426039 -2.61933761454123 -2.71948875862663
0.155876352742745 0.902038565871951 1.77596828124931 0.902038565871951 -4.38753602720153 0.114990752023337 1.77596828124931 0.114990752023337 1.51021187657315
-4.15032130114328 -0.282915792875362 -0.835402294056493 -0.282915792875362 -5.6236186376263 2.77844660738917 -0.835402294056493 2.77844660738917 0.226866437683073
-3.5197692975848 0.268627186049624 0.369048564012101 0.268627186049624 -0.102931912411538 -0.846050109333864 0.369048564012101 -0.846050109333864 -3.57751158991322
-8.06434366976877 -2.64081635324784 3.15058587815339 -2.64081635324784 -6.8766332302981 4.80339531715129 3.15058587815339 4.80339531715129 0.0683196270491978
3.92476837981832 1.13038217477902 -0.771918638272518 1.13038217477902 3.1528497415458 0.315692319082428 -0.771918638272518 0.315692319082428 0.358463536506499
0.435504372827258 2.10711097751153 -1.34302246710202 2.10711097751153 -0.127782720170872 1.11875075414906 -1.34302246710202 1.11875075414906 -2.87641510915249
-0.347437696427033 0.516047166751917 2.07696211172925 0.516047166751917 -4.71595579120811 0.556922189860979 2.07696211172925 0.556922189860979 1.49704772136942
0.591345879474214 0.0662943811069747 1.83502846904106 0.0662943811069747 -5.56077268725303 -0.437542915306033 1.83502846904106 -0.437542915306033 4.09964452765531
-3.87982331492026 -0.293539263957783 1.72039533832648 -0.293539263957783 -5.29902184327267 1.33241300683446 1.72039533832648 1.33241300683446 2.0113820869455
-0.191139003356003 -2.43365716949051 0.627258982844346 -2.43365716949051 -7.09906411056026 2.17521570016409 0.627258982844346 2.17521570016409 -4.87269853625866
-3.24025119802822 -0.575207383215862 -0.31648965190043 -0.575207383215862 2.82328864076257 -2.95390341773735 -0.31648965190043 -2.95390341773735 -0.351655168778256
-3.34182322516137 0.576259560471549 3.85539346106279 0.576259560471549 -3.89638263482018 -1.74083432075506 3.85539346106279 -1.74083432075506 -3.4961354087186
-4.47875177495537 -1.33340989218359 3.61579900198978 -1.33340989218359 -10.005950844168 -1.81462031698372 3.61579900198978 -1.81462031698372 -3.22330334824219
-1.89052328705657 -0.297330005828032 -0.37909575743074 -0.297330005828032 -1.48912777918872 -0.242819504759559 -0.37909575743074 -0.242819504759559 4.12545383086394
-5.70803288306228 -0.648518290000503 -0.530605873636775 -0.648518290000503 -7.78757913529529 4.31184268020995 -0.530605873636775 4.31184268020995 -3.51057421446553
3.02750291948337 2.20182030507881 -0.545262103852065 2.20182030507881 -4.08427280647285 -3.2326253299801 -0.545262103852065 -3.2326253299801 -2.21220624991409
1.15861895517681 0.0448667932528603 2.21166898505276 0.0448667932528603 -6.16786446070204 0.41963647807087 2.21166898505276 0.41963647807087 1.70757736674121
-5.16022022145837 -0.242542725037372 -0.692979214392491 -0.242542725037372 4.1479755832922 -2.98971032495046 -0.692979214392491 -2.98971032495046 1.41565753797323
6.79417007331231 -2.47615566354918 -0.697508637619486 -2.47615566354918 5.07437533868176 0.51223290575181 -0.697508637619486 0.51223290575181 -3.08429600697367
-2.21193057668664 0.0875502207303211 1.72525434968574 0.0875502207303211 -6.93191747664778 2.60075655698895 1.72525434968574 2.60075655698895 -4.32343590018262
-0.0483988866728569 1.62712447576366 0.898836466781628 1.62712447576366 1.12008852014326 2.20330169805958 0.898836466781628 2.20330169805958 -2.91545674481733
7.4079257691163 -0.896066917817804 -3.67431361154212 -0.896066917817804 4.6999588336522 1.06298134368583 -3.67431361154212 1.06298134368583 -0.735741219286677
-1.50257229555499 3.5452514980301 -2.46759743256391 3.5452514980301 -2.78756597931753 4.86608165902904 -2.46759743256391 4.86608165902904 3.4300628211988
2.23908595483607 1.12205316346606 -3.28583353686146 1.12205316346606 -5.57010284056193 -0.245998232706205 -3.28583353686146 -0.245998232706205 1.93284325697733
1.40688736231496 1.7117129574832 -0.528885434351733 1.7117129574832 -0.356932534513239 2.49592239462542 -0.528885434351733 2.49592239462542 -3.21760350455365
-1.99814326800093 0.391346194458213 3.53246882405139 0.391346194458213 -1.5819496961168 1.53639617083595 3.53246882405139 1.53639617083595 1.03737800753209
-4.80383451024078 0.453640454781501 -0.196115305778902 0.453640454781501 8.59539708863289 -2.92588188520645 -0.196115305778902 -2.92588188520645 -1.14895835708852
6.50146102081981 1.51313451053199 -1.49993089351164 1.51313451053199 3.6441982976163 -1.9224466381628 -1.49993089351164 -1.9224466381628 1.87227289348548
-3.21520709865797 0.352105014001712 -4.59792605875229 0.352105014001712 -0.737621452689718 0.866126932252387 -4.59792605875229 0.866126932252387 -2.31309863212804
-0.617204476436709 -1.08542856200939 2.33313933549566 -1.08542856200939 -5.83683888492302 -1.31421987655058 2.33313933549566 -1.31421987655058 3.32279478909246
3.7380698546266 2.22292249291571 -0.803134056067734 2.22292249291571 0.731085090615747 3.54523291768158 -0.803134056067734 3.54523291768158 -2.27589967339511
-4.48299802615619 -1.5318248930474 2.76103402925151 -1.5318248930474 -7.26010014869142 0.744488322145413 2.76103402925151 0.744488322145413 -1.35239785137926
-1.94110983509865 -1.36989109534259 1.94110983509865 -1.36989109534259 -9.9691885938422 2.99825220867435 1.94110983509865 2.99825220867435 -2.46321927143677
1.25969395614589 0.240318972765777 2.09156732341204 0.240318972765777 -6.09776382545252 0.361798893064961 2.09156732341204 0.361798893064961 2.23153331853936
-1.56801018856809 1.12471166999068 1.23110331444926 1.12471166999068 1.45908540971764 -2.31021856538627 1.23110331444926 -2.31021856538627 -2.05943826059105
8.48883056102076 2.63209299103012 -0.552871794095774 2.63209299103012 2.87810771280479 -1.1533593407931 -0.552871794095774 -1.1533593407931 2.20355121761617
-0.625929807413652 2.51069985947707 -0.288532699328226 2.51069985947707 0.800445552975079 1.07269011605091 -0.288532699328226 1.07269011605091 -1.89407755849336
3.93751239376467 0.0912399885269878 0.827242562644689 0.0912399885269878 3.88479595594908 0.251416857274366 0.827242562644689 0.251416857274366 -3.02308495319419
-4.21072476256171 -2.6396178727713 0.213702196596177 -2.6396178727713 3.83278847043328 -0.801383237235664 0.213702196596177 -0.801383237235664 -0.528319319362771
-3.62370914568772 -0.743840434898449 -0.386998064102572 -0.743840434898449 2.49538362112892 -5.20688304428915 -0.386998064102572 -5.20688304428915 1.79426375174829
5.73164304308391 2.04890376309503 -3.33640845035604 2.04890376309503 1.43555450756207 0.967611325539073 -3.33640845035604 0.967611325539073 5.25312487389655
-3.92535297816274 1.02574043252448 -0.955894294123007 1.02574043252448 -2.36878189378707 2.06744569668358 -0.955894294123007 2.06744569668358 -0.736377859146951
-1.38662741638977 -2.32423283061053 -0.979144894597628 -2.32423283061053 7.09138272147979 -1.49146515257901 -0.979144894597628 -1.49146515257901 -2.24313194035093
-5.48459427576238 2.41558819181092 -0.223808490615069 2.41558819181092 -2.42330572597006 4.65624560934799 -0.223808490615069 4.65624560934799 1.61039212787395
-3.99825586551213 0.237637792898195 -0.433688972039206 0.237637792898195 8.99062983131504 -2.86155508948243 -0.433688972039206 -2.86155508948243 -1.51494092972599
-5.54665592396591 0.188713810746426 -2.65729447024022 0.188713810746426 2.61139111086947 0.522788259500235 -2.65729447024022 0.522788259500235 2.65729447024022
-4.24145267742506 -3.24585420464026 -0.601930709311222 -3.24585420464026 -4.60718272865213 0.208262945837638 -0.601930709311222 0.208262945837638 -5.39705804762171
-0.808979549928033 -0.961959657125962 3.19961783529228 -0.961959657125962 -2.75623481273557 4.59977474862926 3.19961783529228 4.59977474862926 -3.65077950736753
-3.15322224754311 -2.32368992885507 0.244861949492254 -2.32368992885507 -2.94334057654975 -2.61352652213161 0.244861949492254 -2.61352652213161 2.66099975723725
-0.971869623975979 -1.40055732112703 2.52153570932946 -1.40055732112703 -6.02559166865107 -1.54434077234539 2.52153570932946 -1.54434077234539 2.8889823068875
1.25233962120738 0.886189477718785 -1.83871050317101 0.886189477718785 -0.872923168172097 1.17274176392725 -1.83871050317101 1.17274176392725 4.78913774635451
6.72855752034202 -2.59470649354766 -0.343187632413117 -2.59470649354766 -8.6264891238388 4.18584915291756 -0.343187632413117 4.18584915291756 0.111795971164879
-2.0913119059414 1.9294038874169 2.32338006582651 1.9294038874169 -9.83861059233851 -0.871604833056867 2.32338006582651 -0.871604833056867 -2.66068843775254
0.787363293423986 -3.06365076351512 -2.18291425901201 -3.06365076351512 -6.90961761985536 -0.264978031440764 -2.18291425901201 -0.264978031440764 4.15384609287141
1.71870167911016 -0.205296678362316 1.48445290508136 -0.205296678362316 1.81608600089741 1.34758845283982 1.48445290508136 1.34758845283982 -0.331633095816049
-2.92134592106513 -0.174255721607394 -3.6901211634507 -0.174255721607394 -1.78868373061707 0.891779281167251 -3.6901211634507 0.891779281167251 -3.83106329122138
-4.66338012039478 -4.31337480898286 0.705046670470053 -4.31337480898286 -4.82201562125054 -0.375185549642992 0.705046670470053 -0.375185549642992 -3.04177277831366
-1.23682708134297 0.278222860833796 3.40949469458143 0.278222860833796 -3.08827375525514 -4.58561860628793 3.40949469458143 -4.58561860628793 -1.79327280301056
0.87060537027654 -2.00316279886638 4.38127658316159 -2.00316279886638 -8.71889448993762 -1.3226010787387 4.38127658316159 -1.3226010787387 -4.11932452484829
-9.69105184948159 -0.594506463478661 1.93661971715122 -0.594506463478661 -6.57138415316714 0.934508487742377 1.93661971715122 0.934508487742377 4.23312461787983
-2.76742484076822 -0.629077863710643 2.971939866419 -0.629077863710643 -2.80625680766394 4.65983602748624 2.971939866419 4.65983602748624 -2.96158467524681
-1.15644373968885 -0.00793897304134224 -4.21559468495273 -0.00793897304134224 4.77661544654091 -2.50342283236992 -4.21559468495273 -2.50342283236992 -0.725092871109258
-0.252897793376664 1.36831016626953 1.96994070630244 1.36831016626953 -3.04542184866214 0.577671801713011 1.96994070630244 0.577671801713011 -0.516443914895503
1.81081294430033 -2.84697293967654 -2.3461622752447 -2.84697293967654 10.0951588120939 -3.74497826900259 -2.3461622752447 -3.74497826900259 0.937478091054666
1.70018116126289 -1.0080125462033 -2.55587181159547 -1.0080125462033 -2.37442955327887 1.7741020813178 -2.55587181159547 1.7741020813178 2.6656331777376
0.349623178635762 4.10740512916365 -5.12958587280866 4.10740512916365 5.39647379543138 -2.95711818265973 -5.12958587280866 -2.95711818265973 -1.78281132311976
0.982429230688722 -0.895669246679848 -1.15084567023536 -0.895669246679848 -4.85090381179029 1.18912213376869 -1.15084567023536 1.18912213376869 -3.13611824549724
-0.229347298687034 0.649052855284306 1.26370361576556 0.649052855284306 -0.103206284409165 2.39897274426637 1.26370361576556 2.39897274426637 -2.57557016425539
-1.24163669858489 1.52775298130227 0.952821205653184 1.52775298130227 -6.02733640856532 -1.09048092658325 0.952821205653184 -1.09048092658325 0.41837758321882
1.32986180945276 -4.30039604282809 0.331191638369462 -4.30039604282809 -3.52591713464104 0.759193140262305 0.331191638369462 0.759193140262305 -2.23172211701268
-2.09973294974197 -1.53711219782393 0.0484553757632761 -1.53711219782393 -7.62095382143526 4.23715341396648 0.0484553757632761 4.23715341396648 -6.07038179701043
0.296049827492278 3.77930275276178 -5.19820823227431 3.77930275276178 5.93166501209752 -3.02450904843462 -5.19820823227431 -3.02450904843462 -1.3922343238826
-4.97418816785671 0.382232527955759 1.95248507523347 0.382232527955759 -2.34763086426882 4.75724538171965 1.95248507523347 4.75724538171965 -1.36105771778841
