55.0206256905426 -2.4896502569075 -7.96397838009465 -2.4896502569075 41.8016148057448 -0.370867590083371 -7.96397838009465 -0.370867590083371 45.9504944113297
21.7199410366218 -0.285406797585899 -9.51355991952995 -0.285406797585899 16.0892035384864 -0.803008955919647 -9.51355991952995 -0.803008955919647 7.30286658907647
22.8180315968251 -4.84546568782839 -10.5326395583677 -4.84546568782839 29.3936752157816 6.36602280717021 -10.5326395583677 6.36602280717021 -1.51571971599291
25.5866387801867 -1.6560044131114 -9.63288253546982 -1.6560044131114 27.8586058863931 3.24751011490395 -9.63288253546982 3.24751011490395 16.9550987379419
22.8696305658802 -5.70974841950094 -13.148062302347 -5.70974841950094 19.4995728994705 7.43025154393119 -13.148062302347 7.43025154393119 14.2945268960395
36.5449698332588 0.577263466303682 1.39478463227007 0.577263466303682 30.5804515040484 -0.440203704751132 1.39478463227007 -0.440203704751132 21.1700895226286
55.8655588088195 -6.95296108017172 -15.5361270889273 -6.95296108017172 26.7669651973216 0.583713337435567 -15.5361270889273 0.583713337435567 29.2356533730504
27.9682536956351 -4.99220025607877 -8.51221742630485 -4.99220025607877 47.1163086184178 4.4923352433577 -8.51221742630485 4.4923352433577 31.2335009561517
31.051292096676 2.87341758925464 -16.3633230615915 2.87341758925464 34.5277726367618 0.409566816874679 -16.3633230615915 0.409566816874679 46.5809693144714
33.121700730011 -4.8503030911773 -13.09001346216 -4.8503030911773 10.6632494487884 4.95350102928746 -13.09001346216 4.95350102928746 -5.58236346464622
37.9591040789245 -7.85755550641855 -9.03465698798751 -7.85755550641855 34.0311325596067 -1.38994722892116 -9.03465698798751 -1.38994722892116 12.2112185204407
35.7548606196029 -3.96022087497721 -10.7164608856265 -3.96022087497721 41.2856251151941 -2.50254999917127 -10.7164608856265 -2.50254999917127 5.93710637689988
75.7166496849776 -3.64901459286378 -14.82664126442 -3.64901459286378 67.133483676222 -3.56516626814928 -14.82664126442 -3.56516626814928 41.4355846190104
46.8454140308787 -4.85997789787513 -10.3697803122876 -4.85997789787513 53.0066534296116 -1.47863295698457 -10.3697803122876 -1.47863295698457 20.7734224480177
40.7760852957752 -8.05911397928995 -9.19590376628463 -8.05911397928995 40.4132800446066 -2.82988095911442 -9.19590376628463 -2.82988095911442 47.8241819751422
13.2689973860698 -3.83444838790546 -4.84062828447948 -3.83444838790546 15.6232003492077 5.29050679592844 -4.84062828447948 5.29050679592844 13.7430629142634
33.7505631653697 -8.24938517768055 -16.3665479971575 -8.24938517768055 19.3157515722117 2.07202110111796 -16.3665479971575 2.07202110111796 5.29211926371141
22.6084107850389 2.21230579823646 -3.13141243453003 2.21230579823646 20.6524873642949 -0.227357957398936 -3.13141243453003 -0.227357957398936 4.95995090041935
41.119540933548 -2.58801079166874 -6.32893604816188 -2.58801079166874 31.0916037912503 -0.13705976155255 -6.32893604816188 -0.13705976155255 35.9338445435127
26.0316798882867 -1.70437844660054 -15.2555576946903 -1.70437844660054 18.911022158686 -1.42864645571246 -15.2555576946903 -1.42864645571246 17.1066707095412
30.6771995710267 -2.92985396165863 -13.6753392673786 -2.92985396165863 23.2791973827549 4.252077543695 -13.6753392673786 4.252077543695 12.0531966777096
24.6901066928547 -6.79977664078946 -14.492860433345 -6.79977664078946 21.8602257337403 0.0515989690550777 -14.492860433345 0.0515989690550777 11.8242262525277
22.7777199022509 -2.78150692562528 -2.8476181047271 -2.78150692562528 36.1515276942138 2.42192661002271 -2.8476181047271 2.42192661002271 36.2095765344008
31.2447882306325 2.53157441926475 -8.72828810922299 2.53157441926475 42.8610061391569 1.45122100467406 -8.72828810922299 1.45122100467406 49.6027339397594
28.3262215434547 -1.98333537305455 -2.741195231051 -1.98333537305455 46.1504404164181 -5.16795924442263 -2.741195231051 -5.16795924442263 25.902682465649
16.7003288282325 -3.99569516620258 -5.20665847121394 -3.99569516620258 31.8559135203786 4.02633205407903 -5.20665847121394 4.02633205407903 41.0889040456716
37.6688598779897 -2.47675051464373 -17.0824836927967 -2.47675051464373 25.7414356873519 -1.48992023146537 -17.0824836927967 -1.48992023146537 18.3676205158247
40.8486463460089 0.333780831075034 -20.9314442907489 0.333780831075034 26.1042409385204 -0.174146520560887 -20.9314442907489 -0.174146520560887 34.9857134871257
26.4186721561998 -1.8237010625404 -12.9207043449481 -1.8237010625404 38.8346740850779 2.31550373634661 -12.9207043449481 2.31550373634661 45.3038948303582
56.562144891063 -3.57161613928116 -19.8236789238477 -3.57161613928116 22.3310663263679 1.23515032175592 -19.8236789238477 1.23515032175592 27.2958546301361
25.3721805650515 -5.23890782687336 -9.30716404330964 -5.23890782687336 5.57913852908028 5.0857233874911 -9.30716404330964 5.0857233874911 -12.1757442292154
18.0386770880986 -4.5987581170338 -5.87905753671292 -4.5987581170338 7.16903176308986 5.42272915413207 -5.87905753671292 5.42272915413207 -8.0784635926856
34.7067565606716 0.912656765161687 -6.39988463061261 0.912656765161687 38.433169607118 -0.920719104076543 -6.39988463061261 -0.920719104076543 27.579648959939
31.4124848800615 -7.81240640849536 -13.6414774439362 -7.81240640849536 18.1596121718214 9.66351942334627 -13.6414774439362 9.66351942334627 18.5385421008196
33.9118099436669 -3.12496256339814 -6.20800096443904 -3.12496256339814 41.8435389681021 -1.52861945825668 -6.20800096443904 -1.52861945825668 40.113361036974
28.5713166464663 -4.14242973445296 -7.93011655665226 -4.14242973445296 45.9456570079808 -1.3093238397726 -7.93011655665226 -1.3093238397726 69.2232419229527
42.5401250503456 -4.90512699579833 -6.28539941802165 -4.90512699579833 23.0163651341306 5.3598429105962 -6.28539941802165 5.3598429105962 15.5135525399657
42.3143795607297 -1.34157319543202 -10.6680868521373 -1.34157319543202 37.0206478292353 -2.85568044364196 -10.6680868521373 -2.85568044364196 22.7406331432425
36.3353490214725 0.636924774273615 -0.915881700727629 0.636924774273615 50.3783309433685 -5.05669896739762 -0.915881700727629 -5.05669896739762 35.5033156454594
54.1111938609468 -5.13893482432915 -14.3687004140562 -5.13893482432915 54.7448936996545 -3.84734813016923 -14.3687004140562 -3.84734813016923 11.0131549576931
28.4665062405732 4.11663024992542 2.10427045677739 4.11663024992542 30.4546790169767 -0.886857280634148 2.10427045677739 -0.886857280634148 14.2251907813717
13.5834286037492 -2.79763160345499 -5.31953121602192 -2.79763160345499 23.3340212873759 5.63234996591833 -5.31953121602192 5.63234996591833 -3.63127744725109
41.5581321705162 -9.30071417217776 -13.6914639452083 -9.30071417217776 23.7742249921271 1.49314516703131 -13.6914639452083 1.49314516703131 2.55576143600932
24.4288869120134 -8.27357219442512 -15.4603411031277 -8.27357219442512 16.8631880743126 10.2778696486583 -15.4603411031277 10.2778696486583 19.2818897487694
12.3224787974657 -1.40929684231681 -0.796559084787762 -1.40929684231681 25.5350398111316 4.21337831690369 -0.796559084787762 4.21337831690369 31.2367258917177
22.7374082076766 -5.38725486290671 -9.70383111792055 -5.38725486290671 31.3366988942619 -3.35877039192896 -9.70383111792055 -3.35877039192896 15.6038507358121
11.2050386238667 -1.54635660386936 -2.10588292456036 -1.54635660386936 22.4568388134396 4.80837892882005 -2.10588292456036 4.80837892882005 5.8629328588832
120.451343387947 -4.68583137731425 -23.6291028916596 -4.68583137731425 90.970594911885 -7.77048224613811 -23.6291028916596 -7.77048224613811 45.2506833935202
30.9351944163021 -3.01047735080719 -6.92232419229527 -3.01047735080719 30.5885138429633 -0.596613079699336 -6.92232419229527 -0.596613079699336 13.8672229335521
36.0515546916696 -6.25315006236223 -14.0736188097724 -6.25315006236223 42.2901925439851 6.2321879811836 -14.0736188097724 6.2321879811836 10.350430698892