-7.29646954894201 2.37837246928466 2.08710042238548 2.37837246928466 -9.85924446518442 1.33482225809192 2.08710042238548 1.33482225809192 9.48205764186174
10.9000273947255 -2.5427067389438 -3.50547919349533 -2.5427067389438 7.41733571494733 1.07860898261395 -3.50547919349533 1.07860898261395 2.09645126198204
23.4264786460667 -1.83671127810919 -4.47404029283009 -1.83671127810919 21.05153695679 5.70692432841071 -4.47404029283009 5.70692432841071 21.9009318244138
16.8009655646115 -2.04303586980255 -2.0207169905526 -2.04303586980255 12.283967771796 3.77704110383664 -2.0207169905526 3.77704110383664 18.9212590933562
19.359352623409 -1.66995988807068 -8.87599754084982 -1.66995988807068 14.9822642440383 2.76634692704717 -8.87599754084982 2.76634692704717 24.396303572534
11.6332309251335 -2.96883487373518 -3.37063207469182 -2.96883487373518 12.0882576698066 5.79343485481925 -3.37063207469182 5.79343485481925 13.2043610057973
1.94782441672297 -1.27967534354474 -0.0717222168948379 -1.27967534354474 0.254802612652714 2.09315627727303 -0.0717222168948379 2.09315627727303 7.56103160212423
3.74293898125554 0.227249866719086 -2.73081772612011 0.227249866719086 -1.90011443181085 2.46537460449025 -2.73081772612011 2.46537460449025 -3.44694125569706
6.02932098399713 -1.14473385165977 -3.04872995186939 -1.14473385165977 1.43481096713138 2.74113139989279 -3.04872995186939 2.74113139989279 6.02542733144046
1.90728753942143 -1.19561308441343 -2.04203123623628 -1.19561308441343 2.40830635574706 3.53749649102641 -2.04203123623628 3.53749649102641 6.61572573375433
2.46884067964811 -1.91766945795712 1.99132828481905 -1.91766945795712 -4.98340063114156 0.0228596359226677 1.99132828481905 0.0228596359226677 8.65618213605016
-3.9310179266044 6.65546565109886 2.87908404044784 6.65546565109886 5.2067675332198 3.68482063409967 2.87908404044784 3.68482063409967 1.58502223852217
-2.28703786478463 4.60607719222949 -2.85879733098079 4.60607719222949 -3.00600405921786 -0.22827710030966 -2.85879733098079 -0.22827710030966 -1.28645879894135
2.53676546723015 8.3019367200205 1.38553353671984 8.3019367200205 3.6091458956507 2.35878636251329 1.38553353671984 2.35878636251329 2.88145917636533
16.194650324131 -2.53723637388996 3.63395507750906 -2.53723637388996 16.8272404227702 1.99059601691367 3.63395507750906 1.99059601691367 22.3245858995318
21.5205866380758 -4.74485258902224 -1.39301460249537 -4.74485258902224 19.0687485847526 5.25772019801698 -1.39301460249537 5.25772019801698 22.2154395276815
14.4470352561646 -4.35463340358309 -5.07379464290751 -4.35463340358309 8.49541550338626 2.01779052760088 -5.07379464290751 2.01779052760088 8.95071182756287
17.7697461714178 -0.0333885657888586 -2.44087988845919 -0.0333885657888586 6.61796519793903 4.03122999577062 -2.44087988845919 4.03122999577062 24.5107218748947
-4.97372922750691 -3.08186927301571 0.61755014058521 -3.08186927301571 -4.72474869463605 2.06242142189092 0.61755014058521 2.06242142189092 -2.77015348776794
4.76780756352553 -1.58802074386082 1.31461151201686 -1.58802074386082 3.4269787279072 0.689141077524507 1.31461151201686 0.689141077524507 6.2865396664396
-3.18684257764429 -2.84200490054965 1.15656232149157 -2.84200490054965 0.997704515189549 -2.13489393347356 1.15656232149157 -2.13489393347356 1.6040763855863
4.60026829721332 -1.83457197241683 -1.74561104703024 -1.83457197241683 -5.03321146742807 -0.15815275624283 -1.74561104703024 -0.15815275624283 0.175944941320149
-11.0075549538196 -2.27589994661622 -2.62572909035405 -2.27589994661622 -1.6405780533912 1.0876871652998 -2.62572909035405 1.0876871652998 1.20228636755875
2.62051674017874 -3.30941547084429 -1.59778192994698 -3.30941547084429 -0.825906601470178 5.42628355919192 -1.59778192994698 5.42628355919192 -1.3507818248344
5.25491367015117 3.9457101495739 -1.70136125715572 3.9457101495739 0.267471686999658 -2.26244848026026 -1.70136125715572 -2.26244848026026 -0.253394229789149
-3.70357819062093 3.28841570754355 -1.38113459716829 3.28841570754355 -9.66794218017805 -0.85293282414411 -1.38113459716829 -0.85293282414411 1.46745550949131
-1.74194816070687 -3.66673055742795 -2.06341494930329 -3.66673055742795 2.70032102420995 0.216990082302586 -2.06341494930329 0.216990082302586 0.116531710866203
-6.60800098769695 7.34559131201174 1.58228280531092 7.34559131201174 -6.08057338592664 1.42466076340255 1.58228280531092 1.42466076340255 -3.44343537707511
-8.37590981478194 0.737604582515043 2.8541199540096 0.737604582515043 5.47876292679229 2.1595423054746 2.8541199540096 2.1595423054746 -8.05833006397685
-3.25518878068899 1.50361553672289 4.03873513557757 1.50361553672289 0.315402203613376 0.474095136249037 4.03873513557757 0.474095136249037 -2.76919167449228
17.678742151744 -0.911204203057483 -3.75008850993165 -0.911204203057483 15.7303528614942 2.77157945096651 -3.75008850993165 2.77157945096651 11.0518024931442
9.10639070448711 -0.882225447680473 -4.19539417664352 -0.882225447680473 8.61178319704001 1.8574090439237 -4.19539417664352 1.8574090439237 13.2877534624797
12.2800109256121 -1.16620940044792 -8.54465962208784 -1.16620940044792 4.07825167947684 1.75975776694455 -8.54465962208784 1.75975776694455 8.995477882858
19.9598035760059 -5.9377890922875 -0.546023269080344 -5.9377890922875 15.8055763846015 0.736018826660024 -0.546023269080344 0.736018826660024 27.1436896585457
3.68548447901454 -4.1307601874127 -2.51525575776978 -4.1307601874127 -1.78846276265708 -0.207917996070216 -2.51525575776978 -0.207917996070216 22.2472255795131
-7.06662671955535 3.45652445743536 0.305107905306794 3.45652445743536 -1.78150253434168 -0.114671427497856 0.305107905306794 -0.114671427497856 -9.35595986138753
9.14168008046975 -3.38166298412398 4.58411633910693 -3.38166298412398 0.521568884259166 -1.47366917479772 4.58411633910693 -1.47366917479772 -4.21048335656491
-5.29790678150857 -4.55175120808237 -1.21730529865197 -4.55175120808237 -7.39887057768698 -0.353867819375573 -1.21730529865197 -0.353867819375573 -5.27970786508354
6.9403621952746 2.9938285105154 4.22067392008291 2.9938285105154 1.97055258262392 -2.93140053613476 4.22067392008291 -2.93140053613476 -8.10206537070579
-3.07782445671444 -3.80317162167262 -3.79336963295697 -3.80317162167262 -0.815525461142171 0.407762730571086 -3.79336963295697 0.407762730571086 4.44814247916247
-11.4989530048566 1.0540345455225 -1.00198345685472 1.0540345455225 -0.687508129486897 -2.47676430244176 -1.00198345685472 -2.47676430244176 -6.78399188970036
2.80171085891473 0.935413568902007 2.73602806594098 0.935413568902007 7.60108459378968 -2.2988977540812 2.73602806594098 -2.2988977540812 0.249141628521116
-0.794079830619726 4.42081164718785 0.426980630234869 4.42081164718785 8.3287258300082 2.79099533909622 0.426980630234869 2.79099533909622 5.67571813360984
-0.0888098374834808 -1.95381642463658 -3.31685436514391 -1.95381642463658 -2.71256134052805 1.37076053507112 -3.31685436514391 1.37076053507112 -2.34573809874846
-0.750762075414488 3.87824608017981 -0.182505697890815 3.87824608017981 0.752836003799611 1.15103025374321 -0.182505697890815 1.15103025374321 5.93558303822173
-5.47380834343834 3.76648534550557 -1.37578207231042 3.76648534550557 0.99011201597422 -0.266134892676442 -1.37578207231042 -0.266134892676442 2.58692137203287
10.5733413602974 1.49861106677865 -6.48936662866045 1.49861106677865 11.9836970409263 4.03205979860769 -6.48936662866045 4.03205979860769 11.2015120499518
23.6696059975778 -6.49960843633142 -5.719927801486 -6.49960843633142 11.7428755876936 0.764359399662862 -5.719927801486 0.764359399662862 12.1548465781578
5.4227093275016 -1.67930207100851 -2.60318420299946 -1.67930207100851 4.69388868211142 0.50715986516202 -2.60318420299946 0.50715986516202 8.41956307618626
11.0359884687195 -3.46638814348114 0.858851878648009 -3.46638814348114 13.8035913161464 0.0843361564203455 0.858851878648009 0.0843361564203455 20.5057340324897
2.54227984393343 -2.69579915818062 1.91387411761494 -2.69579915818062 1.97732876750378 1.7849178936473 1.91387411761494 1.7849178936473 7.11920233268958
10.9158778343494 -2.12305369239498 -0.869888371308738 -2.12305369239498 -9.45040714402366 0.411459078437611 -0.869888371308738 0.411459078437611 -3.28603620176886
1.76482908866559 2.07604210430104 3.09473315548041 2.07604210430104 3.29769816567744 1.48454407458398 3.09473315548041 1.48454407458398 10.764877540831
-5.82303576569113 2.62656081346068 -2.17641124008456 2.62656081346068 11.49946318409 -2.70089744025674 -2.17641124008456 -2.70089744025674 13.9154035549619
1.38704854310037 0.595557905918619 0.632416538532475 0.595557905918619 3.24161974198701 0.857448190280227 0.632416538532475 0.857448190280227 7.07103767776341
-11.8793093622762 3.16512692265078 -3.39863729253112 3.16512692265078 -11.3974288717049 0.757847291338918 -3.39863729253112 0.757847291338918 -10.5376861462364
-8.43985522321073 4.58456111902063 -0.925688503065698 4.58456111902063 -6.0033929329746 -2.71437780018587 -0.925688503065698 -2.71437780018587 -1.05733269198926
3.22187702466467 -3.13539856357594 -0.206217868750044 -3.13539856357594 8.92280326720621 -1.55217750672076 -0.206217868750044 -1.55217750672076 2.74070199758123
7.03282395119954 -1.21611246359419 8.04025439441366 -1.21611246359419 -2.44421814675045 -5.34417863685968 8.04025439441366 -5.34417863685968 10.3405539064192
-4.50495857760913 -4.09091903203697 -5.98143922125328 -4.09091903203697 -19.2307046795627 -9.40312452239687 -5.98143922125328 -9.40312452239687 1.07285718726876
3.5615270327173 3.22538290828106 1.43661596038821 3.22538290828106 -1.04644867309615 0.938402347384503 1.43661596038821 0.938402347384503 0.274117530046219
-6.57324513458865 6.22493747640689 -5.38602573871303 6.22493747640689 -1.24668655702861 -0.127429631042106 -5.38602573871303 -0.127429631042106 -8.36787910509831
9.79822071477896 -1.23019983828197 -6.79819882424366 -1.23019983828197 11.2574563480584 -1.58242912907356 -6.79819882424366 -1.58242912907356 9.09029189387763
26.686413440276 1.96179877149645 -1.44728598039925 1.96179877149645 14.0353489272092 -0.271256743605664 -1.44728598039925 -0.271256743605664 15.2201283815385
8.15183659368687 -3.12216563179315 -6.70855488463548 -3.12216563179315 10.5584695764944 3.19371889669171 -6.70855488463548 3.19371889669171 16.1082106100899
-3.63745545586564 -0.982898561153046 -0.73260654836872 -0.982898561153046 6.1970110026601 -0.0767318579338809 -0.73260654836872 -0.0767318579338809 20.271826086532
4.24992464045576 -1.21149062386679 -1.90072006532946 -1.21149062386679 -2.63072082586458 5.03040417698533 -1.90072006532946 5.03040417698533 12.2974064288016
-10.1313234965678 -4.1524502932578 0.558983693323165 -4.1524502932578 -6.97193947166804 -1.64623769022646 0.558983693323165 -1.64623769022646 -2.4714040946559
-3.89517683559355 1.27263904325453 -5.61420529031004 1.27263904325453 -1.03871382282495 -3.98102095318239 -5.61420529031004 -3.98102095318239 -2.19975551321399
7.56811345614336 6.24359060576225 -2.05167147586249 6.24359060576225 2.59342810051293 -0.768346847888262 -2.05167147586249 -0.768346847888262 2.73968179005734
0.0949522015223073 2.99777664806142 -1.37777582208899 2.99777664806142 7.03033851271288 3.05009724890024 -1.37777582208899 3.05009724890024 17.1824728754755
11.8105198542498 3.35833484405194 -1.85230915132578 3.35833484405194 11.7121671559493 1.1413011031952 -1.85230915132578 1.1413011031952 2.5202878939499
0.71471782604527 5.89367315015792 5.71114521304482 5.89367315015792 -2.38605797310498 6.1641663581689 5.71114521304482 6.1641663581689 -5.26252233146563
-5.73421854513102 0.978895885528643 3.01346380447053 0.978895885528643 -3.14782206326858 3.02785933219889 3.01346380447053 3.02785933219889 -1.20442581993965
-2.7861480221546 -1.64684081385419 -1.00978040271637 -1.64684081385419 -19.0589442502226 -4.12106714092886 -1.00978040271637 -4.12106714092886 -8.05445258397064
-10.6379333183591 -2.2985784772212 2.41070425659784 -2.2985784772212 -17.5516889645654 0.826927622902749 2.41070425659784 0.826927622902749 -11.4348272503574
-1.2741946147512 -8.19683837793098 0.514618180432633 -8.19683837793098 12.3693625848788 3.00948711917004 0.514618180432633 3.00948711917004 -0.846032288631249
3.51920959597498 8.36167994299717 2.3477206873418 8.36167994299717 2.7722075590935 4.42272634534592 2.3477206873418 4.42272634534592 -6.95067609555437
14.153300602767 3.16146211689026 -3.68488299717011 3.16146211689026 15.8928026615637 2.24722031266813 -3.68488299717011 2.24722031266813 11.2779752337631
8.70055789790078 -1.89721004853681 -1.75323349346052 -1.89721004853681 12.3455339757813 1.16092488080494 -1.75323349346052 1.16092488080494 3.92199425979943
4.02641898868257 -1.33378485841197 -1.20488216068625 -1.33378485841197 11.1823090277062 5.28501060675453 -1.20488216068625 5.28501060675453 5.24920430183072
29.8801996603491 0.0722491874343501 -2.10382752933834 0.0722491874343501 12.1722678639396 -2.4702341227554 -2.10382752933834 -2.4702341227554 26.0853971012973
2.05069283594976 -0.587008426380381 0.75582130716951 -0.587008426380381 -3.59878368591371 -0.728964712498512 0.75582130716951 -0.728964712498512 2.0986510407194
-3.06265344289973 -5.34106948128335 -3.00693131152622 -5.34106948128335 -13.3444185726345 -1.02569997380132 -3.00693131152622 -1.02569997380132 -7.61742173702351
-0.182390929460201 -0.513396690332416 -11.1979023729084 -0.513396690332416 6.41295514941545 -1.64377010501168 -11.1979023729084 -1.64377010501168 -9.43028657505333
10.9678007266657 -4.49291609150721 0.0976227346815614 -4.49291609150721 14.5639498367957 -0.676548254304774 0.0976227346815614 -0.676548254304774 -0.0113514807769257
3.35339335389894 2.96206378836316 0.517759117478113 2.96206378836316 -9.84946414179294 2.15532283787401 0.517759117478113 2.15532283787401 -3.20488880082382
-5.9168881549811 -6.1191559318794 0.631253281748547 -6.1191559318794 0.982443487791753 -0.0600135162225732 0.631253281748547 -0.0600135162225732 -4.11870539112697
-10.9230345537237 4.66220816010702 2.56241540001472 4.66220816010702 6.76457104597667 1.57805722729091 2.56241540001472 1.57805722729091 17.2018518277819
1.27518554181782 7.14332124544034 -0.98705637017666 7.14332124544034 0.0941412144966179 7.58549967716688 -0.98705637017666 7.58549967716688 -3.32347014813818
-17.7199571534333 -4.70159539694689 0.802776675631228 -4.70159539694689 0.288999603227242 -1.46640539415304 0.802776675631228 -1.46640539415304 -12.9969543784696
1.1937497581365 -3.75122673587901 1.56691866779946 -3.75122673587901 -3.52263635666138 -0.216867795668005 1.56691866779946 -0.216867795668005 6.4767274111661
2.2359802047503 0.803898580489794 2.67746549075699 0.803898580489794 -6.36309887343971 0.988399894044829 2.67746549075699 0.988399894044829 -8.3530773267833
-13.6370464124278 0.33958248859324 0.754899201261231 0.33958248859324 0.662063700782504 -1.56843135019324 0.754899201261231 -1.56843135019324 -4.06766074466003
23.7184693124551 -5.51690850450489 -6.23215747190921 -5.51690850450489 16.0947966693636 2.34066072034447 -6.23215747190921 2.34066072034447 16.8083507340015
8.62694561921619 -0.527566138831608 -1.99873211658015 -0.527566138831608 19.5712874657162 0.637328221407312 -1.99873211658015 0.637328221407312 10.1618444191055
18.3756367024178 -3.88899648273702 -3.44757057312587 -3.88899648273702 13.6037884004585 3.17039616476538 -3.44757057312587 3.17039616476538 12.3342611720419
15.211388220677 -3.12409929226617 -2.41214469164769 -3.12409929226617 16.0048102631572 1.05907674420361 -2.41214469164769 1.05907674420361 19.2156900913197
11.1745547289946 -6.74739966234614 -6.28674898590169 -6.74739966234614 3.18490857033518 2.45051056567579 -6.28674898590169 2.45051056567579 3.71918783850641
-8.18456813483813 2.2422643432647 -6.95526541102845 2.2422643432647 9.24201110285205 -5.3316961886285 -6.95526541102845 -5.3316961886285 -9.44824280980697
6.16936951839031 3.20749422267599 0.922618994553519 3.20749422267599 14.8630411180758 4.62547912034549 0.922618994553519 4.62547912034549 -1.15585377393729
-1.97930123569762 -0.230598202217198 -0.162272808967658 -0.230598202217198 0.0234868539295294 0.69606494372969 -0.162272808967658 0.69606494372969 14.2010059532091
-4.45739955287195 -1.74611518872612 -2.28877254669032 -1.74611518872612 -3.96079798543609 -0.881067297063639 -2.28877254669032 -0.881067297063639 -10.7630380039024
-7.6819881269764 -6.84769036082523 -3.36338882054659 -6.84769036082523 -4.67126140564829 0.195475563566818 -3.36338882054659 0.195475563566818 -13.7296393255746
5.38085661023329 2.7932332891333 0.868374013927893 2.7932332891333 -2.62480810255283 1.27521926982358 0.868374013927893 1.27521926982358 2.35576527204116
-1.41923399213004 -0.344838672467961 -2.95810589103468 -0.344838672467961 -1.62801386865826 -0.391755498654078 -2.95810589103468 -0.391755498654078 8.6162751290804
-4.00820220011777 -5.37091102388663 0.761278683073217 -5.37091102388663 4.29992578995686 0.845199167821445 0.761278683073217 0.845199167821445 1.54453654072335
-6.77358198324988 -3.0990636153453 -3.54264332044308 -3.0990636153453 -12.176462715612 -2.35576789328956 -3.54264332044308 -2.35576789328956 5.09916850184475
-15.2595414767196 3.99621355943946 -1.65443241360793 3.99621355943946 -10.0844449172455 1.70838129666037 -1.65443241360793 1.70838129666037 7.47891367649094
-6.89346839003306 -0.535492616964887 -0.243769027125807 -0.535492616964887 -5.54474631372225 4.54169671030294 -0.243769027125807 4.54169671030294 -9.03344075111289
0.36765164746843 -2.359764106849 -1.92217872209038 -2.359764106849 -2.44568269837695 -3.2109575950096 -1.92217872209038 -3.2109575950096 -1.18687542715352
0.975076108503227 -2.03007648819524 -3.21295570178932 -2.03007648819524 -3.57461302891859 1.1848773203738 -3.21295570178932 1.1848773203738 0.731307081377421
-5.58870466287608 -5.54874252728169 1.82826770344355 -5.54874252728169 -8.68177395788222 -2.62751041533144 1.82826770344355 -2.62751041533144 13.54516585972
-10.1563767613154 1.83626013056243 -1.84824877124075 1.83626013056243 -5.48680121711037 0.66137334408723 -1.84824877124075 0.66137334408723 -1.75833396615336
-5.23104354930625 0.131875047461502 -2.44768080515667 0.131875047461502 -1.91019008141206 1.44662930851708 -2.44768080515667 1.44662930851708 3.00115638313903
-10.0704581697874 1.14091897121996 -3.58460356281719 1.14091897121996 1.18887353393324 2.51561643566714 -3.58460356281719 2.51561643566714 -8.56188755109904
-1.06698902037033 4.56967020521902 -2.22189473904834 4.56967020521902 -9.06141424602897 2.61751988143284 -2.22189473904834 2.61751988143284 9.33915108841001
-1.46261416275484 4.92533321200913 3.58859977637663 4.92533321200913 -2.13597614752039 4.59164937979594 3.58859977637663 4.59164937979594 -2.74340060855519
0.869176449178082 -1.8842146932757 -7.29708595953645 -1.8842146932757 11.7029114088184 3.24892162382428 -7.29708595953645 3.24892162382428 -1.72236804411841
-5.74855320525366 3.44073987467737 -1.71837183055897 3.44073987467737 -7.00935858325681 5.1551154916769 -1.71837183055897 5.1551154916769 6.72362931375689
-15.7430833174117 -3.21895002212848 -0.987064749181546 -3.21895002212848 0.567462325440403 -4.32590117809321 -0.987064749181546 -4.32590117809321 -2.80933813228594
4.90535214421193 -0.043958349153834 -3.17099545941521 -0.043958349153834 0.267746308482444 1.55053086106251 -3.17099545941521 1.55053086106251 -7.02134722393513
-11.2673241308395 -5.874433932376 -6.55379023748071 -5.874433932376 -1.46661037631428 4.32190496453377 -6.55379023748071 4.32190496453377 -3.72247293061785
0.891155623754999 1.24681863054511 -1.77631692717084 1.24681863054511 -1.18887353393324 2.44768080515667 -1.77631692717084 2.44768080515667 8.61184022059203
-11.7788394664478 -2.39772813566367 -3.23893108992568 -2.39772813566367 -9.76474783249031 5.88242635949488 -3.23893108992568 5.88242635949488 -0.597433927136199
4.12409239334152 -0.0759280576293497 -3.28488754585923 -0.0759280576293497 8.76169822907101 4.40182923572256 -3.28488754585923 4.40182923572256 8.20822265108864
-2.8253229865237 -2.21390231192946 -3.10106172212502 -2.21390231192946 -4.98727452218044 3.11504846958306 -3.10106172212502 3.11504846958306 17.5853377683133
-6.48585460697024 1.65643052038765 -3.79440477468776 1.65643052038765 -10.8956762698117 0.717320333919382 -3.79440477468776 0.717320333919382 2.13997236107983
-8.49994624092772 -2.9072453644922 -1.51456493902755 -2.9072453644922 -9.82868724944134 0.929119652569674 -1.51456493902755 0.929119652569674 -5.45083529507542
0.58544528645788 -0.387632715265627 -6.33799470527098 -0.387632715265627 -10.030496034193 -1.05899659325146 -6.33799470527098 -1.05899659325146 8.52592162906408
-10.9316421918466 -2.39373192210423 1.0030496034193 -2.39373192210423 2.1879269237931 4.26595797470162 1.0030496034193 4.26595797470162 1.1848773203738
-1.64643998648906 -3.53664900010392 1.43264256105905 -3.53664900010392 4.04217001537301 2.31580575769517 1.43264256105905 2.31580575769517 0.805237032227051