-1.89417724730611 -0.473032372029959 0.532417388431988 -0.473032372029959 -2.25253510490456 0.114674514431505 0.532417388431988 0.114674514431505 -0.0757670898922445
-7.81565013610286 -1.62097749095424 -1.63138171105022 -1.62097749095424 2.93607091108656 -1.38792296080421 -1.63138171105022 -1.38792296080421 -1.32549764022831
-1.89417724730611 -0.473032372029959 0.532417388431988 -0.473032372029959 -2.25253510490456 0.114674514431505 0.532417388431988 0.114674514431505 -0.0757670898922445
-8.4892374342835 -1.58493644709037 -1.47411635250489 -1.58493644709037 2.33349482183753 -1.31102262839797 -1.47411635250489 -1.31102262839797 -4.28434667557805
3.73960422341902 -1.57312543559976 3.03222567184061 -1.57312543559976 -7.0188844938706 -4.13024611011158 3.03222567184061 -4.13024611011158 -16.1831319979014
-10.1993494531838 -0.630582186109705 -3.42164897630669 -0.630582186109705 -0.795633899252514 0.757545042373404 -3.42164897630669 0.757545042373404 -9.38255507788736
-10.8248406715742 -0.593229335566532 -3.41053711200257 -0.593229335566532 -1.33529757252969 0.776088557282381 -3.41053711200257 0.776088557282381 -12.3961542163186
4.73081425566208 3.35950333926312 -2.85307696740149 3.35950333926312 3.89302247998977 -4.00556167373679 -2.85307696740149 -4.00556167373679 -10.9934119817698
6.08240971096808 -3.13020075942858 3.27136667603026 -3.13020075942858 2.50416060754286 -2.19114053160001 3.27136667603026 -2.19114053160001 5.31520364248069
-1.89417724730611 -0.473032372029959 0.532417388431988 -0.473032372029959 -2.25253510490456 0.114674514431505 0.532417388431988 0.114674514431505 -0.0757670898922445
-11.3153608190659 7.90516432386905 0.999356267847303 7.90516432386905 2.22079170632734 2.50479679954035 0.999356267847303 2.50479679954035 -4.46507255570237
7.30570383644558 3.61501533428145 3.78149630362336 3.61501533428145 6.81707138097452 -5.41387463937844 3.78149630362336 -5.41387463937844 -10.0493966948207
6.51513371287076 3.56713889847742 3.66707092608398 3.56713889847742 6.15016456856857 -5.3746051369264 3.66707092608398 -5.3746051369264 -13.0367847318898
-2.6157154230435 -0.44452756205932 0.574181434326621 -0.44452756205932 -2.85238518988064 0.119363882404817 0.574181434326621 0.119363882404817 -3.35247869719737
-11.006052452961 -6.20756591637593 0.550091049167601 -6.20756591637593 9.65621364769589 0.556438253581073 0.550091049167601 0.556438253581073 -12.9059823073937
-4.39509464509088 3.20284242731708 0.414510627684798 3.20284242731708 9.58502410203095 -1.65163255257912 0.414510627684798 -1.65163255257912 -11.5229681190934
-4.99566695480166 3.20306622112767 0.478742471388385 3.20306622112767 8.94368222333637 -1.69169985405402 0.478742471388385 -1.69169985405402 -14.2441986442239
0.125448453377959 4.64786519765339 3.3933806638738 4.64786519765339 -4.90503452707821 2.29361588926036 3.3933806638738 2.29361588926036 -14.8970038386327
-4.37505243758349 -6.50258773166791 -0.379228345471242 -6.50258773166791 -6.21977337233343 -1.44835232507661 -0.379228345471242 -1.44835232507661 -3.14952354713405
-5.83162958003755 -6.43653467859442 -1.15168764315987 -6.43653467859442 -6.17821221657725 -1.41431547954399 -1.15168764315987 -1.41431547954399 -6.41500780675966
13.5378416978726 4.38732250161643 3.15776793799788 4.38732250161643 3.45506955959822 1.29326205396147 3.15776793799788 1.29326205396147 -13.9115923078844
-9.61166644708051 5.07637884532797 1.51774971226966 5.07637884532797 10.6601710560005 3.30941283415012 1.51774971226966 3.30941283415012 -11.1249257755861
-10.3382507681237 4.98979068276012 1.43242182800754 4.98979068276012 10.0292085784591 3.18742054011756 1.43242182800754 3.18742054011756 -14.0061529607855
-2.93698660505925 -0.346600903702645 0.609809108770067 -0.346600903702645 -4.34945043819334 -0.776594506040513 0.609809108770067 -0.776594506040513 -0.776594506040513
0.911495213516445 -0.353101749380244 0.640510150038583 -0.353101749380244 -1.86199585283652 -0.110857525968216 0.640510150038583 -0.110857525968216 -2.09602840765831
0.134451759517376 2.60629564602913 1.16093923121734 2.60629564602913 1.60566428192866 1.53326718065008 1.16093923121734 1.53326718065008 -1.71167432308659
-0.597482462730561 2.57696783925529 1.13521667918807 2.57696783925529 0.885832694744005 1.58462740115497 1.13521667918807 1.58462740115497 -4.48111847047921
0.700429616800897 1.57919740171715 0.0180922779247464 1.57919740171715 0.984736841332626 0.341168669438075 0.0180922779247464 0.341168669438075 -3.39617902758811
-2.73274564955432 -2.25997026151355 -1.20791513977449 -2.25997026151355 2.79249198980123 0.50394739164785 -1.20791513977449 0.50394739164785 1.95604322634449
-3.44755317490293 -2.20267591189862 -1.31534201374041 -2.20267591189862 2.0147699099357 0.519351310980835 -1.31534201374041 0.519351310980835 -1.03087320521322
-7.16393528853844 -0.673243555780644 -0.850002481622667 -0.673243555780644 0.491285838002092 0.590062884796163 -0.850002481622667 0.590062884796163 -4.34359066297087
1.81029829345066 -0.772115698647546 0.438227828962121 -0.772115698647546 -0.247807403282151 0.83732817319548 0.438227828962121 0.83732817319548 0.412142839142947
1.20286985536209 -0.749500607044787 0.356405883070248 -0.749500607044787 -0.820257657360204 0.862187761250821 0.356405883070248 0.862187761250821 -2.75166306782177
-3.12107429799205 -1.4800435522924 0.0415450821696113 -1.4800435522924 5.96950899424602 2.9341214282288 0.0415450821696113 2.9341214282288 -0.433626795145318
10.3348538335834 1.38025037260477 0.358812715458925 1.38025037260477 3.9836068628688 -0.772625920148781 0.358812715458925 -0.772625920148781 -0.322145722638305
-7.25777874240596 -0.837357265343875 1.13012520897266 -0.837357265343875 -1.30824276908248 2.74341989134668 1.13012520897266 2.74341989134668 3.07099241568658
9.48283115098241 1.34717246096087 0.294693975835191 1.34717246096087 3.25215851903836 -0.776202882780192 0.294693975835191 -0.776202882780192 -3.09428674626951
-0.972901058808799 -2.13519352373238 -0.856152931751743 -2.13519352373238 -2.7345005759586 -2.53473155854986 -0.856152931751743 -2.53473155854986 4.94493178157219
2.6467124228733 1.2393335948375 -2.15307955035328 1.2393335948375 0.0603912556806409 2.97492576896374 -2.15307955035328 2.97492576896374 0.0157542406123411
1.91768548807356 1.21339109286635 -2.24741132852638 1.21339109286635 -0.582955285920574 2.97017037079894 -2.24741132852638 2.97017037079894 -2.98072159769343
2.624946859092 -1.56594403120756 0.557369909412862 -1.56594403120756 3.11065492300892 -2.37811161349488 0.557369909412862 -2.37811161349488 -9.97692137849023
1.18934796333781 0.273051188051063 -1.67506401900556 0.273051188051063 2.4023253564108 -1.41251479972569 -1.67506401900556 -1.41251479972569 -9.05532257296267
-2.49318897202774 -4.25479601052615 -0.987767664765227 -4.25479601052615 0.689324493325466 -0.501807102420837 -0.987767664765227 -0.501807102420837 -1.9913818696069
-3.21561759049847 -4.23442712412175 -1.06921938033901 -4.23442712412175 0 -0.432463421824465 -1.06921938033901 -0.432463421824465 -4.90302088056203
-7.93583139887854 -0.810660505874551 1.12957517189119 -0.810660505874551 -1.92171805199703 2.70768839017997 1.12957517189119 2.70768839017997 -0.539068661266834
-0.8384111547212 0.320169955524601 1.10431501608909 0.320169955524601 -3.86103259925006 -1.00934935131484 1.10431501608909 -1.00934935131484 -4.44981972085038
-3.33119125593127 -0.715530341369486 1.14484854619118 -0.715530341369486 3.55645080784389 1.65632023465159 1.14484854619118 1.65632023465159 -3.6757058647388
-3.98525113811051 -0.729431404036259 1.06752552196547 -0.729431404036259 2.89110403205612 1.63722742146824 1.06752552196547 1.63722742146824 -6.61013932927748
3.03726411414818 -2.57536364762874 -2.22893829773916 -2.57536364762874 2.96475648277595 -3.50722098415343 -2.22893829773916 -3.50722098415343 -2.32292967174021
-2.17975704580651 -0.109673310480831 2.08927656465982 -0.109673310480831 -3.83308220130503 0.652556197360942 2.08927656465982 0.652556197360942 -0.904804811466852
-2.84237488281056 -0.115678047556244 1.93072169849826 -0.115678047556244 -4.47839298396316 0.735381873750407 1.93072169849826 0.735381873750407 -4.00741807605559
-0.904935971278372 -2.93395195246378 -1.92073304445125 -2.93395195246378 -4.93202995172514 0.116017432215176 -1.92073304445125 0.116017432215176 -8.76318337998629
-4.41751895908866 -2.23387403975459 0.610680358796817 -2.23387403975459 2.97144901856114 -4.09235149531373 0.610680358796817 -4.09235149531373 2.86834713980323
-5.19690397850929 -2.19348118868098 0.464720590822241 -2.19348118868098 2.27049202944581 -4.02580808963724 0.464720590822241 -4.02580808963724 -0.0716997482982886
4.1243628000722 -3.16148675196374 1.05207982368254 -3.16148675196374 5.62246150162514 -3.0355520099768 1.05207982368254 -3.0355520099768 1.61616252216569
2.17240364697189 -2.15755323141642 1.89873170316391 -2.15755323141642 -8.6683997085226 -0.619474477456828 1.89873170316391 -0.619474477456828 -12.8859177262766
0.85055625519241 2.88403997914472 -4.62702602824671 2.88403997914472 4.29465481467921 -1.78747668398897 -4.62702602824671 -1.78747668398897 -7.13943835127659
0.0420613118892311 2.84439621650925 -4.65303262774619 2.84439621650925 3.69613778226618 -1.72451378745847 -4.65303262774619 -1.72451378745847 -9.8502334780593
5.57099719431617 -1.13065498083787 0.851972415138394 -1.13065498083787 4.17227612647214 -0.491012139565741 0.851972415138394 -0.491012139565741 0.955483082398199
-5.65034299998062 0.477531348912432 -1.84609884607488 0.477531348912432 0.138724190745511 1.6887002450367 -1.84609884607488 1.6887002450367 -6.33862840791027
1.51673236887192 1.45890201858564 -0.191891616859013 1.45890201858564 1.63502172173022 0.176119703144573 -0.191891616859013 0.176119703144573 -6.52694362549217
-1.45040571974809 0.898733544201049 1.02046402425134 0.898733544201049 1.96840776251527 -0.784773094792271 1.02046402425134 -0.784773094792271 -4.71899860960897
-2.07341253969766 0.941750739486264 0.881915747750949 0.941750739486264 1.31376829679714 -0.803870106357059 0.881915747750949 -0.803870106357059 -7.76033827593239
-15.9134242978748 0.366208508946911 -0.233041778420761 0.366208508946911 -12.1493834303467 0.42238822338763 -0.233041778420761 0.42238822338763 -4.65043191759287
-0.219513306777204 1.90950129509809 -2.08669878370138 1.90950129509809 1.11872444297298 -1.00764542026644 -2.08669878370138 -1.00764542026644 -8.60069004384902
4.28918886276772 0.541537036065523 -2.66727196868093 0.541537036065523 1.99371844123625 0.134710705488936 -2.66727196868093 0.134710705488936 -4.94927131966351
-0.0904482351021543 -2.3330324171938 1.34608255769677 -2.3330324171938 4.45058521546777 -1.22903190050574 1.34608255769677 -1.22903190050574 -7.04698161134137
-0.758807955431013 -2.27375200729504 1.1569149461325 -2.27375200729504 3.78869605915907 -1.19432097210445 1.1569149461325 -1.19432097210445 -9.77633207366929
-16.5525992884368 0.397295839414223 -0.092005352285399 0.397295839414223 -12.680010369515 0.422388208219332 -0.092005352285399 0.422388208219332 -8.07765172451128
1.06334105743258 -0.593119886306613 0.467549459926384 -0.593119886306613 5.27662961916919 -1.53623393975812 0.467549459926384 -1.53623393975812 -6.26249105181397
-1.3472898532296 1.36307840619713 -3.6076843530816 1.36307840619713 -4.79708867663585 1.05257019783562 -3.6076843530816 1.05257019783562 -11.8835175335642
17.4675828692374 -3.10693058140076 1.04785150584243 -3.10693058140076 4.83842889493845 -0.0976638296707509 1.04785150584243 -0.0976638296707509 -1.41002154087147
4.78447009357634 -2.59986299424526 -0.0799561039896855 -2.59986299424526 3.33752253427913 0.141857603852668 -0.0799561039896855 0.141857603852668 -13.1772817833324
3.5578907494616 -0.382827973794589 1.20738053273678 -0.382827973794589 -2.08815258433412 -2.94483056765068 1.20738053273678 -2.94483056765068 -15.1872943729839
2.91439837521764 -0.400595348623088 1.11037502672037 -0.400595348623088 -2.65091955531789 -2.88482422196358 1.11037502672037 -2.88482422196358 -17.876231362382
-6.14805272942699 -1.3111831065875 0.648748217664379 -1.3111831065875 -2.43622748405611 -0.561153521608429 0.648748217664379 -0.561153521608429 -23.26460380561
4.24860127867793 4.06505306587609 -2.03252653293804 4.06505306587609 3.60348329544793 -0.618125598994438 -2.03252653293804 -0.618125598994438 -8.46481169627318
-9.37839118424893 1.05901940174737 -2.00711384639472 1.05901940174737 -8.63121741661294 0.93344397861527 -2.00711384639472 0.93344397861527 2.01967138870793
3.65399107988766 4.05517110943023 -2.08450974809615 4.05517110943023 3.07661711845141 -0.612612747814994 -2.08450974809615 -0.612612747814994 -11.376706648582
-6.18005649628119 0.283488830104642 -4.63301745199586 0.283488830104642 -1.22305180988003 -1.98712170435254 -4.63301745199586 -1.98712170435254 -19.1044472554328
-10.0155989846298 1.07685566571409 -1.97914293249405 1.07685566571409 -9.18061519695701 0.992726316830173 -1.97914293249405 0.992726316830173 -1.59004469390596
1.33497279077982 4.24537930980913 -2.42395680644701 4.24537930980913 -3.8529028371575 -0.508561063154218 -2.42395680644701 -0.508561063154218 -4.41674227674153
0.688296062734194 4.18805951074959 -2.47842090331304 4.18805951074959 -4.4933521192204 -0.707723774182336 -2.47842090331304 -0.707723774182336 -7.24653637015718
0.170935900816226 1.97254603005391 -0.515520970715603 1.97254603005391 0.881812186750374 1.88843471377926 -0.515520970715603 1.88843471377926 -22.7154819306896
-6.57289074413585 1.6711095904079 1.57850402116615 1.6711095904079 -1.39960689876732 -0.0799775370724183 1.57850402116615 -0.0799775370724183 -10.0919023753223
3.73289322365297 -0.862284560150096 -1.33337293007235 -0.862284560150096 -3.54831473953139 -1.13501993221035 -1.33337293007235 -1.13501993221035 -12.5320526010313
3.15899225051143 -0.860285980655914 -1.32777257464578 -0.860285980655914 -4.12439355999347 -1.1700995814066 -1.32777257464578 -1.1700995814066 -15.225125522605
1.56308029860257 0.318149087326186 -0.614166064229681 0.318149087326186 -1.06234130028918 1.80653351325217 -0.614166064229681 1.80653351325217 -15.3818167437704
-6.92760419289528 -0.638393965457056 1.5939255782702 -0.638393965457056 4.88268416806026 -2.80481477726616 1.5939255782702 -2.80481477726616 2.00167398201374
0.94166057255539 0.322220136921608 -0.58888507782225 0.322220136921608 -1.62221172381223 1.63887828261852 -0.58888507782225 1.63887828261852 -18.0498831872122
-7.59480899844925 -0.606343061729054 1.72383539392595 -0.606343061729054 4.25474858332743 -2.83925829587803 1.72383539392595 -2.83925829587803 -1.3699628220636
-1.45839029079841 2.01867582624639 3.28961764746478 2.01867582624639 -0.727135272107118 1.58610243490788 3.28961764746478 1.58610243490788 -4.31337467363259
-2.19350144316845 6.20646795624829 -0.16060318851715 6.20646795624829 3.16979977336481 3.75938253121066 -0.16060318851715 3.75938253121066 3.27968616550812
-2.85824189564999 6.170914523595 -0.169880647586924 6.170914523595 2.54608620570902 3.77559739261938 -0.169880647586924 3.77559739261938 -0.00849403237934618
2.79851196481946 -1.62214631589093 0.804881759793208 -1.62214631589093 -5.02328770086326 -3.8634324470074 0.804881759793208 -3.8634324470074 -10.1580205684671