-12.010582324306 0.997238504652895 3.70581323232182 0.997238504652895 -3.12495823691857 -3.0271081122449 3.70581323232182 -3.0271081122449 -5.23602262881426
-0.335034830537738 4.11061965159763 -0.446713107383651 4.11061965159763 -4.40484895790321 1.6300733101163 -0.446713107383651 1.6300733101163 -6.77801234087885
9.80946415186076 4.72010862196686 0.109406491237642 4.72010862196686 -4.58725788260686 -5.57777736577623 0.109406491237642 -5.57777736577623 11.2493317240419
-10.3924281999707 0.109181152295412 -1.78531402734906 0.109181152295412 -3.3927032139204 3.25723771014647 -1.78531402734906 3.25723771014647 -0.549949507858373
5.0507016590887 4.64874998538623 -0.629233248361468 4.64874998538623 2.35488964855011 -0.0968051151325335 -0.629233248361468 -0.0968051151325335 -7.40348684861419
3.58357028096023 0.0722078064672469 3.58563336114501 0.0722078064672469 -2.76659052778795 -1.50811161507307 3.58563336114501 -1.50811161507307 -11.5119874310639
-6.11907778268016 5.0048910419947 -6.62918737480121 5.0048910419947 -3.51930872108076 -2.11874466552033 -6.62918737480121 -2.11874466552033 -2.01359049521468
-8.70300944116044 0.953466767926361 1.27688941607759 0.953466767926361 -6.58606119871601 -3.74036192439835 1.27688941607759 -3.74036192439835 -10.8598604778573
0.747983670128363 -3.79066650525229 3.70240884506015 -3.79066650525229 -0.136799373297813 7.98952468889322 3.70240884506015 7.98952468889322 -5.67055466734481
26.782689191515 6.97086200252384 -0.421255454697973 6.97086200252384 10.2145290036982 2.80043300101391 -0.421255454697973 2.80043300101391 21.7349499169602
-5.98110383362589 -3.51524653189871 1.72755183544049 -3.51524653189871 -3.33067016532704 0.827482811933679 1.72755183544049 0.827482811933679 0.304862088607145
-5.09034175876516 4.32998527011279 0.888147495148565 4.32998527011279 -3.90188539835053 6.17443546387456 0.888147495148565 6.17443546387456 -15.7608908011976
-2.22779290874799 1.9647170825978 0.69109601948977 1.9647170825978 -1.0836218553329 1.51790575881892 0.69109601948977 1.51790575881892 -6.70216985668326
-12.0033011914057 -11.3520794622539 -4.08896364630649 -11.3520794622539 -1.59039864466309 4.35255339382029 -4.08896364630649 4.35255339382029 8.7206120669061
-7.76327201393286 7.24726505695686 -2.09562009057602 7.24726505695686 -6.15838507019525 5.73083644870085 -2.09562009057602 5.73083644870085 -1.41954566939521
6.81488761385568 1.30821503301694 -0.529370734290575 1.30821503301694 3.82323308098749 1.12161691978041 -0.529370734290575 1.12161691978041 12.4696217410669
-9.51455642362834 0.391640337050077 -1.34875067946658 0.391640337050077 -4.32479837437652 1.45346734712702 -1.34875067946658 1.45346734712702 -9.58785809099066
-1.85718534685725 2.44273904891103 9.75587755953972 2.44273904891103 -7.29052055647211 4.07625796021984 9.75587755953972 4.07625796021984 -12.9852187918964
-3.05727028159423 -3.12391377547094 0.333217469383567 -3.12391377547094 7.2787190968473 3.98194875913363 0.333217469383567 3.98194875913363 0.541478387748297
-13.669302811172 -9.08434179624923 -3.98375987390864 -9.08434179624923 -3.15149210218444 -0.0941382569559506 -3.98375987390864 -0.0941382569559506 -10.4899971330688
2.55217784825374 6.71977912854823 -5.10674537614067 6.71977912854823 5.06851050200953 2.86522588020246 -5.10674537614067 2.86522588020246 -0.910467940247823
4.96246327373395 0.99164869840772 8.82356352498103 0.99164869840772 -5.22830952054113 -1.86725340019326 8.82356352498103 -1.86725340019326 3.314638521699
23.6642545975787 3.94945759416493 -7.50721852565446 3.94945759416493 18.9386238930432 10.5649795697657 -7.50721852565446 10.5649795697657 11.3032465514903
-12.9673131307459 0.281069608638505 -8.0724144379313 0.281069608638505 4.46376649651321 2.09611233560919 -8.0724144379313 2.09611233560919 -16.5831069096718
18.3893584618347 -3.69137377803447 4.12295830205026 -3.69137377803447 2.46413063432477 1.81313721821157 4.12295830205026 1.81313721821157 -1.51657355087112
-25.7348688552304 -1.14928237116362 1.13418860643914 -1.14928237116362 -15.1692335480977 0.547688034288104 1.13418860643914 0.547688034288104 -12.3380745362068
14.1861605627073 -5.41639763420132 1.92424652793994 -5.41639763420132 16.9243671229338 -6.67859832942898 1.92424652793994 -6.67859832942898 18.1040465245656
1.94484035086422 1.55503847989787 2.44512082697077 1.55503847989787 0.977631430391553 3.45193528513521 2.44512082697077 3.45193528513521 -6.0054502152624
-9.87463962981967 -0.590644607527542 1.73568487555025 -0.590644607527542 -3.8978279514814 -1.42223809827029 1.73568487555025 -1.42223809827029 -13.6637207402039
-14.1967733961996 -5.67524884089394 1.95086678905729 -5.67524884089394 9.9316854715644 8.46312832104345 1.95086678905729 8.46312832104345 -3.52972793762916
-18.6224571938853 0.145004819556189 4.63162453053005 0.145004819556189 5.64452584360637 5.26495440417987 4.63162453053005 5.26495440417987 -17.0551256883883
8.19992880371127 5.85962960005254 -10.0761648825458 5.85962960005254 -8.69729789443191 10.5890767573515 -10.0761648825458 10.5890767573515 -1.7940813629566
4.42181030351976 3.84036123062132 -4.8713843289567 3.84036123062132 -1.69439454920233 -1.05100416613258 -4.8713843289567 -1.05100416613258 10.9016705901508
8.52592162906408 4.08612836452684 -2.72341954075799 4.08612836452684 -7.08328853410644 2.55957478482097 -2.72341954075799 2.55957478482097 12.8598152342762
-3.17099545941521 0.611420674594237 1.97812571192253 0.611420674594237 -4.60963234081341 6.22010640526751 1.97812571192253 6.22010640526751 7.78462401378806
-2.05005755599244 1.98611813904141 -0.0419602423741143 1.98611813904141 10.5719829714971 3.99821166621918 -0.0419602423741143 3.99821166621918 9.88663234605322
-14.7560185682302 2.59753881363565 -0.179829610174776 2.59753881363565 -6.69565581884081 4.63960394250921 -0.179829610174776 4.63960394250921 -0.711326013580223
2.27784172888049 3.63056001875075 4.37185763402677 3.63056001875075 5.34693374252999 -0.263750094923004 4.37185763402677 -0.263750094923004 -6.17414994933396
-7.00136615613793 -10.5779772918362 0.58944150001732 -10.5779772918362 -9.1053725951828 4.52371374928546 0.58944150001732 4.52371374928546 -8.45598789177389