-9.54134027234385 -0.832352214657299 0.590906534069686 -0.832352214657299 -7.90205117782795 -0.673506372165448 0.590906534069686 -0.673506372165448 -0.809054824425161
2.9219101130493 -3.38524157383283 2.15177809039559 -3.38524157383283 -2.04951123643887 2.60676123657041 2.15177809039559 2.60676123657041 -0.0187837078696026
-2.31900907825129 -0.197013160630198 -0.36734745575839 -0.197013160630198 1.47965092514971 -0.656710535433993 -0.36734745575839 -0.656710535433993 4.01824758868674
-1.4250222568734 2.85846414303409 1.54500197421725 2.85846414303409 -4.87917517198308 -4.10246437023081 1.54500197421725 -4.10246437023081 0.759871543177693
-5.06908423687464 1.44564309046711 0.674080350648223 1.44564309046711 -6.72006257261614 0.51852334665248 0.674080350648223 0.51852334665248 4.34729973833439
-0.459022784352067 4.62422953125045 -3.34066581945115 4.62422953125045 0.73316139167344 0.790539239717449 -3.34066581945115 0.790539239717449 -2.75838691707862
2.97401054141622 1.2431488585543 3.77718017123344 1.2431488585543 -4.73185208264409 0.361115027359681 3.77718017123344 0.361115027359681 -0.471109834543951
13.8780675724911 -2.21516052124232 -1.71110045494394 -2.21516052124232 9.58486631815662 0.399771776719408 -1.71110045494394 0.399771776719408 17.1052107555739
15.4329745475912 -2.92465433084122 0.759213336522721 -2.92465433084122 9.9314828331827 2.73765597209178 0.759213336522721 2.73765597209178 10.1053913068197
-6.86408511390281 -0.167621126102633 1.13353786526905 -0.167621126102633 1.29277793506656 1.15658577010817 1.13353786526905 1.15658577010817 1.3975411388807
6.07813658662272 0.732134570494094 0.464428854967168 0.732134570494094 -0.208891581055102 -1.77050825496217 0.464428854967168 -1.77050825496217 6.19982100277132
-3.22976547171249 3.4989125943552 1.06397221919695 3.4989125943552 -6.36280619622526 2.63680071714028 1.06397221919695 2.63680071714028 -2.27303155919349
10.5797505598576 -2.43474046605282 1.31647063760011 -2.43474046605282 5.64559357424072 6.28818146073966 1.31647063760011 6.28818146073966 13.1709653489215
-1.25456228610587 1.39102344705072 -2.4276880729382 1.39102344705072 -4.76513570073546 -3.2926757544112 -2.4276880729382 -3.2926757544112 -2.99774356785298
-2.83231148373735 -3.03010429433672 -1.70876675548733 -3.03010429433672 -4.70420633044066 -2.83638968601775 -1.70876675548733 -2.83638968601775 -5.29962386337897
5.8293352316783 -4.72168339643648 2.55912505144054 -4.72168339643648 5.39955850548218 2.52591503168902 2.55912505144054 2.52591503168902 6.90768410831584
16.8533040814302 -0.280540884495745 4.9833917928332 -0.280540884495745 10.8103017856705 1.72873842337919 4.9833917928332 1.72873842337919 17.3916392922193
4.71624451984467 -4.41486101857653 2.74706988655892 -4.41486101857653 5.69166814894898 0.372656626568037 2.74706988655892 0.372656626568037 2.49659576050499
-10.5067283693133 -1.68618487838794 2.62343526650345 -1.68618487838794 -0.653694266075942 0.753263591372277 2.62343526650345 0.753263591372277 -12.3747354938946
-1.94283189051866 1.2908455128446 0.0503210962634337 1.2908455128446 -6.81741460681998 -0.947349334002905 0.0503210962634337 -0.947349334002905 -4.03006344857587
-0.554882221208614 3.18897828280813 4.58787675619996 3.18897828280813 -0.899291875751892 4.29449075418161 4.58787675619996 4.29449075418161 -7.61953211038955
-12.0614382430154 0.0682058711297844 -3.37949090501125 0.0682058711297844 -9.39920907956255 2.25959450484802 -3.37949090501125 2.25959450484802 2.41580795162914
7.93609464598751 -2.49491759012878 5.96774257739345 -2.49491759012878 17.228304464499 1.50865201011137 5.96774257739345 1.50865201011137 6.36266671854449
3.0348922081533 -1.83235061335326 2.07049714849369 -1.83235061335326 -2.90105779171075 0.799070192289392 2.07049714849369 0.799070192289392 14.849715765575
14.2494155279631 -2.11744355545088 -3.2326807305638 -2.11744355545088 12.0358957969535 -2.23047435022584 -3.2326807305638 -2.23047435022584 9.70557757800974
-1.38113739627424 -1.39398518600702 0.0149890880215809 -1.39398518600702 -3.06633914955768 0.167021266526187 0.0149890880215809 0.167021266526187 -4.40679187834477
4.83783578969418 3.75993202602548 -2.97272278129892 3.75993202602548 -10.2252327502352 -0.214307638052242 -2.97272278129892 -0.214307638052242 -9.34466176219876
-9.44280666406376 -3.14760222135459 0.611787474009765 -3.14760222135459 -10.9656254852402 -1.12382699030055 0.611787474009765 -1.12382699030055 -16.3497985807827
12.7856148764184 -5.1663573565276 0.0407120359064429 -5.1663573565276 9.36173265668655 0.0712460628362751 0.0407120359064429 0.0712460628362751 2.44068655259125
-6.87048786416161 0.842647664644664 0.295249948993143 0.842647664644664 -2.2240726084739 -4.22616897792375 0.295249948993143 -4.22616897792375 0.260768203125331
-2.93395408860411 -1.10050957134811 4.52161075390913 -1.10050957134811 5.21690251528399 -0.307788391181865 4.52161075390913 -0.307788391181865 1.19793899013949
-12.2901861862595 1.53296945979151 -3.12540756241977 1.53296945979151 -0.178405928510219 1.33033556568114 -3.12540756241977 1.33033556568114 -1.51755166350051
-17.2082808516603 0.0954905247930561 0.546294630211437 0.0954905247930561 -18.158744679833 0.557398179605979 0.546294630211437 0.557398179605979 -11.1923777896977
18.8097204036988 1.35596522353804 2.86089564064786 1.35596522353804 14.1402345282755 -4.63510929229129 2.86089564064786 -4.63510929229129 7.14650967109765
9.171494974223 -4.58971611323622 -2.94868921066538 -4.58971611323622 17.0710452754739 5.81205295964932 -2.94868921066538 5.81205295964932 14.3366618755433
-13.8935762523226 0.832863451602103 -2.6753253047484 0.832863451602103 -1.06703726027537 3.18343828583191 -2.6753253047484 3.18343828583191 -10.1976066116586
-16.8892751335871 6.88298111888031 -2.45322848765058 6.88298111888031 -16.657668777741 2.25310260735644 -2.45322848765058 2.25310260735644 -12.286379886822
-4.49037016545468 0.936358647752748 -0.505080157285349 0.936358647752748 -6.52683490921251 0.0645764584657068 -0.505080157285349 0.0645764584657068 1.81275344121591
-5.27047573527038 1.87205143237457 -0.498315848905462 1.87205143237457 -9.06845058368498 -2.14814534866003 -0.498315848905462 -2.14814534866003 -9.49044778906438
-8.75733073802598 5.04309791184039 4.56646365797743 5.04309791184039 -8.28069648416301 6.24456766696961 4.56646365797743 6.24456766696961 -6.91229491662095
-16.2757392836581 -0.717491986982606 -2.26354283199776 -0.717491986982606 -3.67409209433198 3.36532619281315 -2.26354283199776 3.36532619281315 -7.44592303518792
3.24706324352241 2.67963778370573 -7.22135748452416 2.67963778370573 -1.45214597267372 -5.72289106615112 -7.22135748452416 -5.72289106615112 2.68658585056062
10.230306712165 -2.80134570516706 -2.60153502719509 -2.80134570516706 1.79030367462888 0.353664900010392 -2.60153502719509 0.353664900010392 0.849195381380885
-0.225786066108329 2.10001022548543 2.93122264584884 2.10001022548543 8.0623608561691 2.55358046448181 2.93122264584884 2.55358046448181 -2.06804051700992
1.12893033054165 -3.5446414272228 2.41770920346087 -3.5446414272228 0.323693298314596 -1.04900605935286 2.41770920346087 -1.04900605935286 4.53969860352322
5.56672548829916 -1.62246270513242 0.879166983076681 -1.62246270513242 5.92638470864871 -0.385634608485908 0.879166983076681 -0.385634608485908 4.54169671030294
-3.66852404756542 -3.77242560011085 -2.73141196787687 -3.77242560011085 -2.13597614752039 1.13092843732137 -2.73141196787687 1.13092843732137 4.1520658882576
-1.10894926274445 -1.4586179491954 -2.67746308482444 -1.4586179491954 1.23283188308707 -1.90819197463234 -2.67746308482444 -1.90819197463234 3.51866603908644
5.72657403067674 -2.88926240347473 3.32285157467391 -2.88926240347473 0.259753881363565 1.41665770682129 3.32285157467391 1.41665770682129 6.41592086968005
5.45483150863486 -5.57471791541804 1.1748867864752 -5.57471791541804 15.3874203106216 1.01703635087734 1.1748867864752 1.01703635087734 14.2365108055031
-1.93017114920926 -0.717320333919382 -2.46366565939443 -0.717320333919382 9.4590374951932 7.09527717478475 -2.46366565939443 7.09527717478475 6.7256274205366
11.33525976135 -1.76033207293308 -0.195814464412533 -1.76033207293308 -2.60153502719509 -1.60847595767438 -0.195814464412533 -1.60847595767438 1.71037940344009
1.58649678309746 -3.42475502043961 0.429592957639742 -3.42475502043961 2.27983983566021 0.699337372901905 0.429592957639742 0.699337372901905 -1.3567145034297
8.8516130341584 -1.72636425767785 2.38174328142592 -1.72636425767785 5.36092048998803 -0.935113972908833 2.38174328142592 -0.935113972908833 8.73372473415493
6.55379023748071 0.961089361045189 -1.75034153903448 0.961089361045189 11.2473430630424 -0.105899659325146 -1.75034153903448 -0.105899659325146 17.5933301954322