-8.65362768106707 4.8955143046687 -2.29825342207201 4.8955143046687 7.7018849799199 -1.26443024156513 -2.29825342207201 -1.26443024156513 2.85131950918628
-11.7925227590606 4.8171620862574 -2.16801750641181 4.8171620862574 6.90073688182165 -1.28824228641861 -2.16801750641181 -1.28824228641861 2.09928506734984
-7.99283824329873 3.47746783822965 -1.14465825942863 3.47746783822965 -0.255027487851975 -0.39736841130424 -1.14465825942863 -0.39736841130424 -1.82473156036723
-18.3806259354366 -0.289212485482098 0.271625239743322 -0.289212485482098 -11.9612812407833 1.61021005430574 0.271625239743322 1.61021005430574 -2.66544479863231
-21.5051133335827 -0.29650037558172 0.237593016194623 -0.29650037558172 -12.6434829031172 1.59835301803655 0.237593016194623 1.59835301803655 -3.34593801318709
-4.24483945934973 2.72333954555836 0.435900384578701 2.72333954555836 12.0765163689471 -1.98023317565753 0.435900384578701 -1.98023317565753 3.21943569753126
-9.69409209752743 5.51426005074585 6.04619698703402 5.51426005074585 -9.40519531316403 4.03079799135601 6.04619698703402 4.03079799135601 3.01278075121832
-12.9845272878673 5.5822408833397 5.83105723307172 5.5822408833397 -9.98490796054241 3.85895727593644 5.83105723307172 3.85895727593644 2.25317027812886
-3.86022881920075 -0.00685653431474379 0.991911964199601 -0.00685653431474379 1.79184096758638 0.786215934757288 0.991911964199601 0.786215934757288 -11.5281196945226
-18.7880253066512 2.02382067435035 -0.19836123165818 2.02382067435035 -1.89247337230642 -3.64555777101521 -0.19836123165818 -3.64555777101521 -10.1780756298123
-22.0668853873126 2.23281435201783 -0.118508843774167 2.23281435201783 -2.39980408642689 -3.64953371168174 -0.118508843774167 -3.64953371168174 -10.8947334787842
-18.836357867886 2.03769973521571 -0.311590008054829 2.03769973521571 1.60246289856769 -3.35577492801907 -0.311590008054829 -3.35577492801907 0.321481754342284
-16.6142318279218 2.61479280141308 0.620459308809884 2.61479280141308 7.04143106342646 5.95953773083779 0.620459308809884 5.95953773083779 7.08314261359855
-19.9282881966277 2.65605733850953 0.628652624499296 2.65605733850953 6.50917404950313 5.88314081093925 0.628652624499296 5.88314081093925 6.24461607002635
-23.1345928847381 -3.83251586348248 4.23143034991137 -3.83251586348248 10.4794590852056 4.41253263209381 4.23143034991137 4.41253263209381 -1.14290224025946
-29.5315858596662 3.1541831345587 4.08989842468044 3.1541831345587 1.10537795261633 -2.76344488154083 4.08989842468044 -2.76344488154083 2.92796625123257
-28.6019484992077 0.598760513564729 4.13194238699627 0.598760513564729 -2.96906039784163 -1.78885888969958 4.13194238699627 -1.78885888969958 7.67502112842061
-23.5982973430367 -1.02208226227689 0.863872968607496 -1.02208226227689 -5.17821529438563 2.24506521492762 0.863872968607496 2.24506521492762 -0.660461019603987
-26.6994880689477 -0.878040242675656 0.93354853387929 -0.878040242675656 -5.68707674422681 2.12445369061179 0.93354853387929 2.12445369061179 -1.43060005056637
-27.4291504889392 1.74825346315919 -2.44307214723528 1.74825346315919 -0.463212456050726 -0.513020247023922 -2.44307214723528 -0.513020247023922 -2.73693811397714
-20.4779971439717 6.32225405674862 1.68423830405134 6.32225405674862 7.61723486756755 1.33314331015544 1.68423830405134 1.33314331015544 -6.75985071580728
-23.7795024449154 6.26758464956816 1.80205839231059 6.26758464956816 7.10854523264644 1.29339226455199 1.80205839231059 1.29339226455199 -7.52263524619866
-27.8456897013241 -1.95225398097596 -1.91345141737892 -1.95225398097596 -1.89647529580522 3.48495524305894 -1.91345141737892 3.48495524305894 -4.35801292399229
-24.6119559516179 -4.9538928680486 -6.39179202872322 -4.9538928680486 3.89960284741262 6.61281186437462 -6.39179202872322 6.61281186437462 -7.2098194664215
-27.5702590366326 -4.85452996553187 -6.36295646901732 -4.85452996553187 3.2822952343186 6.39358441832667 -6.36295646901732 6.39358441832667 -7.81267940299319
-23.0710639031592 1.71452170269388 -4.86864180298496 1.71452170269388 5.50596401025455 7.57538670680051 -4.86864180298496 7.57538670680051 4.97861112502363
-24.4700847820348 1.73610387444406 1.23472904863478 1.73610387444406 3.33751003449159 3.98605458528966 1.23472904863478 3.98605458528966 -7.32855342401816
-27.7038733825268 1.8268768607745 1.19786987578904 1.8268768607745 2.78667636376028 3.88931809042801 1.19786987578904 3.88931809042801 -8.04176659290173
-29.7023999469322 -0.447232397954846 -2.77335492754758 -0.447232397954846 -9.91879209027444 -0.920167807286408 -2.77335492754758 -0.920167807286408 0.416388784302788
-29.9441568808126 1.79945858235877 -2.31358960588985 1.79945858235877 1.60069658872562 -2.37984360376756 -2.31358960588985 -2.37984360376756 -2.67136119442951
-4.80907460394611 -2.1707087150713 -3.0767944893156 -2.1707087150713 7.84300051899639 -1.06002292728796 -3.0767944893156 -1.06002292728796 2.2369601480268
-27.1200142472246 4.47616614461197 5.96903330818495 4.47616614461197 -0.703815024914504 2.69836348652343 5.96903330818495 2.69836348652343 -0.0584483065672945
-28.8838770143004 4.64157803260107 -0.0626914435572093 4.64157803260107 6.66699390137245 0.704073135334812 -0.0626914435572093 0.704073135334812 3.40703883639757
-29.6986831410086 3.3944204615322 -1.07073998382155 3.3944204615322 0.336946148755034 -1.43763690135481 -1.07073998382155 -1.43763690135481 4.20309121854428
-8.00539082474604 -2.08163660633685 -2.99810502756511 -2.08163660633685 6.9440107300757 -1.03592263852511 -2.99810502756511 -1.03592263852511 1.49219858328192
-18.3820158948297 0.568223057027195 -1.51526148540585 0.568223057027195 -2.97843585725088 2.52385741162912 -1.51526148540585 2.52385741162912 6.22441007051873
5.15120909516009 0.142429744566638 -1.84763029757278 0.142429744566638 1.94653984241073 0.425311042803156 -1.84763029757278 0.425311042803156 2.84068212774573
1.81028648493057 0.184804218549443 -1.62746940851606 0.184804218549443 1.26183525568706 0.459029833171198 -1.62746940851606 0.459029833171198 2.07060210460774
-6.29962771526308 -3.01376168838829 0.391665335700257 -3.01376168838829 -6.79436287614762 -0.595743589565128 0.391665335700257 -0.595743589565128 0.0597804986068814
-14.2588748443836 -0.606505939931808 -0.596530513288192 -0.606505939931808 -1.02547385896365 2.19060369093791 -0.596530513288192 2.19060369093791 -1.21301187986362
-17.1308089553978 -0.627274590903079 -0.57516871434244 -0.627274590903079 -1.74554686478141 2.22452011470421 -0.57516871434244 2.22452011470421 -1.83372604049942
-4.33464700329669 -0.645541701684281 0.109659327529702 -0.645541701684281 0.407601651383985 0.715889194816542 0.109659327529702 0.715889194816542 -1.9386941489685
-11.502485309891 2.17891038840049 -1.80450063166914 2.17891038840049 11.4272173691048 -1.72923269088294 -1.80450063166914 -1.72923269088294 4.18219558163319
1.10752737630347 -1.8360079500218 -0.410634036133907 -1.8360079500218 -1.61292311308366 -2.19926113583256 -0.410634036133907 -2.19926113583256 6.23847862588051
-2.14764848488008 -1.83035969671681 -0.323237952941323 -1.83035969671681 -2.28844538462752 -2.15756375951018 -0.323237952941323 -2.15756375951018 5.47918076059432
-5.03319973474947 0.137382623032864 2.11694132764277 0.137382623032864 -3.71765704146507 -0.720217993475316 2.11694132764277 -0.720217993475316 -0.270602136276853
-2.94603480963862 -0.604108299994248 2.38220039631065 -0.604108299994248 -0.513492054995111 0.80346403899235 2.38220039631065 0.80346403899235 -3.23399309930254
-6.08018796779511 -0.667485705047367 2.40294853817052 -0.667485705047367 -1.18327011349306 0.827277737467798 2.40294853817052 0.827277737467798 -3.92400687209664
-8.54842137519347 -0.721920318441415 -2.33266732421181 -0.721920318441415 -7.65557284765033 -0.599254191909587 -2.33266732421181 -0.599254191909587 -1.86613385936945
-4.85375938722237 0.978926630096638 -3.93001233752784 0.978926630096638 -4.65756532357043 -1.22212552149852 -3.93001233752784 -1.22212552149852 1.0218440815205
-7.86416717177481 1.01406906365355 -3.7627299467145 1.01406906365355 -5.29409739911439 -1.2111351165093 -3.7627299467145 -1.2111351165093 0.328443421426252
-6.84024488931107 -0.112431380628535 -2.74051490282055 -0.112431380628535 -0.586249341848791 0.620380296682454 -2.74051490282055 0.620380296682454 2.93124670924396
-6.47636970052082 1.68298346404295 -0.257641913013982 1.68298346404295 -4.62093237534755 0.71890404760353 -0.257641913013982 0.71890404760353 -2.00711361267344
-8.90518940822591 -5.14960842054394 -1.56581268308717 -5.14960842054394 4.92253596334971 0.586439302492926 -1.56581268308717 0.586439302492926 -0.0967526121958026
-9.36206184510448 1.67373464105524 -0.158608270224686 1.67373464105524 -5.26120327942675 0.72834587247915 -0.158608270224686 0.72834587247915 -2.68590583919961
7.20146865921746 1.41668235919032 -1.61077584625453 1.41668235919032 6.96335396890157 3.14551506871071 -1.61077584625453 3.14551506871071 4.26205286027596
-5.71741954728924 -0.230081342180799 0.716713561483551 -0.230081342180799 -5.54231339306314 -0.765580395221066 0.716713561483551 -0.765580395221066 9.7000664968967
-8.71207367021438 -0.200418596169251 0.807809647825042 -0.200418596169251 -6.15571402519842 -0.770998068936812 0.807809647825042 -0.770998068936812 8.94725875755585
-0.911615343940449 0.613861786411801 0.803526723741694 0.613861786411801 2.53498405485006 1.27055113931745 0.803526723741694 1.27055113931745 2.1352601009075
-8.1673075605047 -0.647158773600673 1.00145772243902 -0.647158773600673 -5.2509971376966 0.86219570786672 1.00145772243902 0.86219570786672 1.56260172233327
-11.09520511433 -0.59445945087901 1.15600765188237 -0.59445945087901 -5.83968989981145 0.874205074822074 1.15600765188237 0.874205074822074 0.861863356118703
-9.19360258691931 1.54745856972256 -1.37966185734301 1.54745856972256 1.84990696487583 1.20979358061309 -1.37966185734301 1.20979358061309 1.97005769719699
-11.9988817216551 1.50428151287613 -1.24420517939132 1.50428151287613 1.15473892067255 1.21507663004102 -1.24420517939132 1.21507663004102 1.29830105675616
-12.225383547936 -5.1175562684835 -1.40489718421338 -5.1175562684835 4.14127178453861 0.569499282301188 -1.40489718421338 0.569499282301188 -0.956441303376908
-4.94353192911902 0.840318445662852 -0.91410250430642 0.840318445662852 -0.596421140702171 -0.510339738951342 -0.91410250430642 -0.510339738951342 -3.99868606704445
-8.0280263006917 0.98394783890529 -0.732814708473396 0.98394783890529 -1.24949024731279 -0.561961841048419 -0.732814708473396 -0.561961841048419 -4.67478146894124
-0.00409586650349386 -0.337908986538244 -0.759783236398112 -0.337908986538244 -0.862179898985458 0.630763441538055 -0.759783236398112 0.630763441538055 7.09813665055486
1.26375659718975 2.20639471476572 -1.63666837996706 2.20639471476572 -2.60623901518805 0.934351189069801 -1.63666837996706 0.934351189069801 6.01216663122076
-1.77899906454061 2.19930059791746 -1.53763778794797 2.19930059791746 -3.26045793466098 0.921750392504669 -1.53763778794797 0.921750392504669 5.28706037777509
-12.6687068540414 -0.0576411751565095 2.66590435098856 -0.0576411751565095 -8.65029350027332 -1.21252329168515 2.66590435098856 -1.21252329168515 6.12849208717603
-0.856648094370067 1.91318074409315 -1.87034833937465 1.91318074409315 6.80015415864239 -0.403848387345889 -1.87034833937465 -0.403848387345889 1.94989423385187
-3.94527584975184 1.97673478453298 -1.7247779156236 1.97673478453298 6.09612716971001 -0.393298527078065 -1.7247779156236 -0.393298527078065 1.28436550248931
-7.85679579369745 -3.11093888030174 -0.499664644774618 -3.11093888030174 10.1100727549991 0.235474142939763 -0.499664644774618 0.235474142939763 6.00746228085346
-8.98463024679278 2.39252498792836 1.89416669239036 2.39252498792836 -0.970380583588217 0.526720149755608 1.89416669239036 0.526720149755608 3.61005887255575
-11.7942359700553 2.3458261296315 1.90636520682109 2.3458261296315 -1.62966758875527 0.531015281729246 1.90636520682109 0.531015281729246 2.9460158158772
-3.26044195800355 -0.123708087152546 1.57885067162487 -0.123708087152546 -5.21880388004555 -0.499025843089932 1.57885067162487 -0.499025843089932 -4.33397654481886
-6.15077254077979 -0.0926511440583056 1.66561488522999 -0.0926511440583056 -5.84123349131226 -0.484312798486597 1.66561488522999 -0.484312798486597 -4.98842182441195
2.7430452393772 -2.48626685887086 -1.78725904527029 -2.48626685887086 2.19484377623272 1.37763639065304 -1.78725904527029 1.37763639065304 3.99025451612226
-4.62329522253881 0.37284638891442 -2.58092555881871 0.37284638891442 -1.53074156337643 0.66490939356405 -2.58092555881871 0.66490939356405 5.42284358987752
-7.49697985042203 0.43475826546565 -2.41301238248878 0.43475826546565 -2.15714986262143 0.682300052979585 -2.41301238248878 0.682300052979585 4.71369487820652
-2.78488647461378 1.58425410767306 0.943502119098487 1.58425410767306 -6.75588989895137 -1.94713953809556 0.943502119098487 -1.94713953809556 -2.31002496851806
-3.30367653211161 1.89469896794966 3.87227896908531 1.89469896794966 11.4356551137796 3.16489898817226 3.87227896908531 3.16489898817226 4.49292298503626
-5.67458781053079 1.62012085012585 1.08702195856773 1.62012085012585 -7.34052184664992 -1.93040106435304 1.08702195856773 -1.93040106435304 -2.95911533165661
1.31229082400038 2.79092837216983 -2.56707907668306 2.79092837216983 3.90401385981961 1.25068092615999 -2.56707907668306 1.25068092615999 3.08254855528102
-0.565546118961564 1.58829618850125 2.55254148711388 1.58829618850125 -0.292523854635292 -1.92415691048992 2.55254148711388 -1.92415691048992 -2.37486033096503
-3.62084095669332 1.62763764159051 2.66123106372352 1.62763764159051 -0.911738197628907 -1.91051584133217 2.66123106372352 -1.91051584133217 -3.06161251566556
-1.48760205278485 -0.454834849238565 -4.69230998136483 -0.454834849238565 6.7578443884574 1.00981682124525 -4.69230998136483 1.00981682124525 2.86671138923756
-9.86209065352536 -1.83643179426196 -2.36846292928864 -1.83643179426196 -4.19256967795152 -1.01887043619008 -2.36846292928864 -1.01887043619008 2.89638571578229
-12.9049105705714 -1.84002241511344 -2.19276213819011 -1.84002241511344 -4.78777132901153 -1.01077464507352 -2.19276213819011 -1.01077464507352 2.24020666234663
-1.60766337464776 4.19529685416049 -1.84251459803588 4.19529685416049 -9.7356507149984 0.0725903781381459 -1.84251459803588 0.0725903781381459 -2.57482341278247
-6.77936240709298 1.83430177129059 3.81581255484948 1.83430177129059 10.5796792764405 3.13012847138922 3.81581255484948 3.13012847138922 3.67247746395665
-4.56445707285897 4.12494852427461 -1.91025422823736 4.12494852427461 -10.3273789196626 0.0964774862746142 -1.91025422823736 0.0964774862746142 -3.27165875677914
-10.751870615858 2.65430795167872 2.17345506188185 2.65430795167872 6.52463943355485 -1.42759880170804 2.17345506188185 -1.42759880170804 6.16560260917319
-13.4191166986358 2.6117167795042 2.3413171786681 2.6117167795042 5.88441036105219 -1.39921063289789 2.3413171786681 -1.39921063289789 5.49812521700062
-4.05489654547598 1.00548247672372 0.321424726165779 1.00548247672372 6.06586149892342 0.455351695401521 0.321424726165779 0.455351695401521 7.48342695791096
-6.99298079240608 0.966189949720012 0.48619836870279 0.966189949720012 5.42887029564307 0.484129439474267 0.48619836870279 0.484129439474267 6.80677716183906
-8.13976618598521 0.921604564208936 1.75727863292053 0.921604564208936 4.90663129289792 1.15791342682661 1.75727863292053 1.15791342682661 -0.964569811957604
-7.33626221672549 -1.1727905929707 0.0155594108520159 -1.1727905929707 6.44743087180409 2.21138126734276 0.0155594108520159 2.21138126734276 -1.75432357356479
-16.08689252063 1.85093194828637 -1.39215394401026 1.85093194828637 0.688167006414165 2.75860049984988 -1.39215394401026 2.75860049984988 3.08884156327277
-19.0571055176763 1.89577462605455 -1.44070922839576 1.89577462605455 -0.107307997701201 2.76814890366247 -1.44070922839576 2.76814890366247 2.39058372656565
-5.77613137159015 -2.55287857516299 3.40643644991214 -2.55287857516299 5.27529946791313 -1.96435236928572 3.40643644991214 -1.96435236928572 3.6578267828862
-7.98232834677952 1.52291792695193 -3.90122807534142 1.52291792695193 -8.12822468361349 -1.23911957311049 -3.90122807534142 -1.23911957311049 -3.59944250189031
-11.4595258605018 1.55846338376259 -3.70737552374452 1.55846338376259 -8.84066471046771 -1.26323900565293 -3.70737552374452 -1.26323900565293 -4.3520491657391
-1.81820801135442 -4.69963851861889 -2.63952300360787 -4.69963851861889 -2.24739874364838 -2.81119929652545 -2.63952300360787 -2.81119929652545 0.79400285474383