-2.51856987284739 -2.80611509719676 1.91492883449692 -2.80611509719676 -4.84544292946186 0.493517335408152 1.91492883449692 0.493517335408152 2.01281657044564
5.59373588063424 -1.31158854844489 1.24701118358088 -1.31158854844489 0.278350710620732 -3.45377561738205 1.24701118358088 -3.45377561738205 -3.93476564533467
4.0802266127041 -4.20959464320252 0.895308909481122 -4.20959464320252 3.84407862052445 3.65310676597917 0.895308909481122 3.65310676597917 -0.289537973020271
-7.68965510179565 3.83014463062708 -0.641853371835643 3.83014463062708 -7.86375258500597 0.24960964460275 -0.641853371835643 0.24960964460275 -6.94711884810343
11.4680969185164 0.491671296459097 -2.10457086307215 0.491671296459097 8.92265474533519 1.09219970652537 -2.10457086307215 1.09219970652537 18.3442379280366
0.96636217057703 -2.62889953750853 1.10441390923089 -2.62889953750853 -4.83772735597032 2.50662514041511 1.10441390923089 2.50662514041511 -7.39760102415192
-1.90002170763439 -1.93806218439419 -0.350372812261347 -1.93806218439419 6.33474044568516 3.92017123661553 -0.350372812261347 3.92017123661553 13.506371380086
-3.0460169907605 6.65482696317641 2.41654237620755 6.65482696317641 -9.41544656513536 -0.541454859128181 2.41654237620755 -0.541454859128181 3.10469682771036
-1.87952878108466 -2.19120943322432 -1.01060090239225 -2.19120943322432 0.170007628439818 -1.30575303510027 -1.01060090239225 -1.30575303510027 -0.776840413287503
-3.27261122934281 5.24887520701228 0.86218355916979 5.24887520701228 6.01275755278504 -1.61377825326792 0.86218355916979 -1.61377825326792 -3.18659766762041
16.6403725916657 -1.56204491473394 -0.143340592175585 -1.56204491473394 10.4877533275137 2.30998877390655 -0.143340592175585 2.30998877390655 15.1720503718158
-4.05527858903114 0.704210054382653 -0.465426185367845 0.704210054382653 7.36182809725313 -0.0323774737647197 -0.465426185367845 -0.0323774737647197 -1.79694979394194
4.65392953846384 -2.20646123653955 1.49590592307766 -2.20646123653955 1.11569650096209 0.687701195192647 1.49590592307766 0.687701195192647 -8.48095552500419
-1.67173789905239 -0.893515083976278 -3.29612361623507 -0.893515083976278 9.18426449220778 -0.500286095406073 -3.29612361623507 -0.500286095406073 -0.0535285534179337
2.90806214904492 1.38826070580711 -7.08498648838292 1.38826070580711 -2.1491732792524 3.93610360465718 -7.08498648838292 3.93610360465718 -5.35876727256155
-3.72574473724242 1.16910583044681 2.47966930585872 1.16910583044681 -1.88471509321141 -2.47342852740437 2.47966930585872 -2.47342852740437 3.30137180234713
13.4805081493057 -1.05156495531768 2.20977950042416 -1.05156495531768 9.29771123778854 -5.05945653958119 2.20977950042416 -5.05945653958119 -3.50450552046033
9.95762908711061 2.76197011175331 4.38927121560796 2.76197011175331 -8.02546139928318 -1.75045912784365 4.38927121560796 -1.75045912784365 -1.81102864783824
3.25773731726112 -0.916427030642241 4.67257203123511 -0.916427030642241 14.9039974983396 -1.0169124506688 4.67257203123511 -1.0169124506688 9.91791095662162
-11.8535593257531 -1.03800564097463 0.378417535100732 -1.03800564097463 -2.41637565709574 3.95964269968532 0.378417535100732 3.95964269968532 -3.54528606907222
-11.5022081688059 3.7194411228182 -0.327007018738979 3.7194411228182 -0.732073777435005 -2.72998117579509 -0.327007018738979 -2.72998117579509 -0.774268231465842
-10.3160906153098 2.28885553744385 -2.59201521127747 2.28885553744385 3.08140154189461 -5.88779395109728 -2.59201521127747 -5.88779395109728 -1.40969248332634
12.7339264657361 0.971358080329208 3.10797297487292 0.971358080329208 7.60306766138678 2.27085247954122 3.10797297487292 2.27085247954122 16.0041031891476
8.93229697663294 -0.683968045612732 -1.51246505324482 -0.683968045612732 -6.93128331937902 2.42035120902839 -1.51246505324482 2.42035120902839 13.61014986002
-7.21942967818181 0.606550444273472 -0.646705351734085 0.606550444273472 2.91862774753193 1.66537195152438 -0.646705351734085 1.66537195152438 -1.21098747236481
-14.3473940089953 -0.75390339434962 -4.59733246358298 -0.75390339434962 -6.47047619128077 -1.83935534027596 -4.59733246358298 -1.83935534027596 -4.9584458541538
-9.78212564481977 1.59414011497943 2.58590609744301 1.59414011497943 8.06535936714962 0.3270031005086 2.58590609744301 0.3270031005086 -2.96023859407786
-9.89602431541506 2.98475147988029 -0.875867243383675 2.98475147988029 1.21600986217345 3.14206744107056 -0.875867243383675 3.14206744107056 0.350772075626957
4.03003345715087 1.46172626737068 -0.701628608337927 1.46172626737068 10.4897807987312 0.305338375850764 -0.701628608337927 0.305338375850764 -7.55550066200934
7.45592746084287 3.48438059744852 -2.16941227804004 3.48438059744852 1.60612628304017 1.83829145665498 -2.16941227804004 1.83829145665498 7.36648677920438
12.461570596911 2.87037209706036 -4.17592250635751 2.87037209706036 8.9034860307279 7.53725510944933 -4.17592250635751 7.53725510944933 14.3206008276144
-8.53039781132408 0.340001620949572 -0.627383943418853 0.340001620949572 -8.97563802923424 -1.89834238363511 -0.627383943418853 -1.89834238363511 3.83311351237196
0.414798271151532 -2.03726442549945 1.63542860032141 -2.03726442549945 -9.21413867948586 2.25114478406196 1.63542860032141 2.25114478406196 -15.978375069983
-12.0295834664922 -2.21180247951324 -4.65197462230318 -2.21180247951324 -2.68122900958201 1.36175984398329 -4.65197462230318 1.36175984398329 -0.587840429545583
-14.6374830698716 -3.1318368901266 2.38166875920722 -3.1318368901266 -5.90929987791705 -6.29588958955649 2.38166875920722 -6.29588958955649 -10.6473249747361
-10.9564522848203 0.483033165709922 -6.06311630175888 0.483033165709922 -6.54194917907133 -1.36089344078274 -6.06311630175888 -1.36089344078274 6.27103057743403
-11.193045913645 0.403353005897117 5.1771275018272 0.403353005897117 17.1425027506275 -0.806706011794234 5.1771275018272 -0.806706011794234 -7.66141533360263
3.50567033347465 -4.32815452709755 4.63634532564477 -4.32815452709755 -0.204176404037535 2.17467132224883 4.63634532564477 2.17467132224883 8.48680411499412
5.35011719391041 0.452122579767077 2.48260101232463 0.452122579767077 -2.4276131310016 2.69847936122242 2.48260101232463 2.69847936122242 -11.4802476673289
-8.09909989581615 -0.666327220727974 -2.96838029621075 -0.666327220727974 -2.2848575343027 1.59703588709963 -2.96838029621075 1.59703588709963 4.71587716863605
0.722796870898238 3.48594605164636 0.954091869585675 3.48594605164636 4.61557430416447 5.48293054924235 0.954091869585675 5.48293054924235 -1.70580061531984
11.6276638165817 4.28582280635038 0.138699767195805 4.28582280635038 7.00202658060156 -5.20817625820248 0.138699767195805 -5.20817625820248 -7.14303801058397
-0.633399849171154 0.263750094923004 0.319697084755157 0.263750094923004 -3.43674366111793 3.04311662551315 0.319697084755157 3.04311662551315 6.76159334257156
-9.55694472739946 -1.52855168648559 0.609422567814517 -1.52855168648559 -0.273740628821603 -1.68440401530373 0.609422567814517 -1.68440401530373 -1.18687542715352
-3.86433851197795 3.7984009882472 1.44463120173736 3.7984009882472 -2.1779363898945 -4.26795608148134 1.44463120173736 -4.26795608148134 1.28078644580035
2.76937599669154 0.637396062730593 -0.265748201702724 0.637396062730593 -0.0999053389859864 0.981070428842387 -0.265748201702724 0.981070428842387 1.07298334070949
-2.77736842381042 -3.32884589501307 0.667367664426389 -3.32884589501307 -2.01209352717777 -0.267746308482444 0.667367664426389 -0.267746308482444 5.84046611712077
-12.098536551203 3.91828739503039 -0.731307081377421 3.91828739503039 5.05720825947063 0.343674366111793 -0.731307081377421 0.343674366111793 4.61962287471201
16.8480363665967 -7.3630234832672 1.96413896446449 -7.3630234832672 8.51393298838576 7.07329800020784 1.96413896446449 7.07329800020784 17.9429988818832
-4.37785195436592 1.3567145034297 -0.999053389859864 1.3567145034297 6.7855706239282 0.941108293247992 -0.999053389859864 0.941108293247992 7.4948985307287
-1.22284134918847 2.95120371364604 -0.95909125426547 2.95120371364604 -5.65264407982711 3.20696138145016 -0.95909125426547 3.20696138145016 15.8629697241949