-1.05984761477303 0.0366129176012503 -0.466332950500135 0.0366129176012503 -0.136816692088883 -0.14067068341533 -0.466332950500135 -0.14067068341533 -1.43175777777521
1.09792103240257 -0.160671370595498 0.872216011804134 -0.160671370595498 -1.27198168388103 -0.436108005902067 0.872216011804134 -0.436108005902067 -0.698155360325677
-0.684746062173971 -0.755913489984188 0.165416183558881 -0.755913489984188 -0.30005726319983 0.113483195697372 0.165416183558881 0.113483195697372 1.52913797592221
1.80118863135018 -0.43543111748295 0.619578198004373 -0.43543111748295 -1.31972074373687 -0.512159067700209 0.619578198004373 -0.512159067700209 0.650269378091277
0.812277916557151 -0.628798669523065 -0.62306494305325 -0.628798669523065 -0.835212822436411 0.470165570524845 -0.62306494305325 0.470165570524845 1.93226582032772
0.279889582570546 0.971160497912566 0.770165965462576 0.971160497912566 0.415138239920072 0.0695027822490618 0.770165965462576 0.0695027822490618 -0.758895244016783
3.43872392679717 0.53700094785455 -0.67316904534624 0.53700094785455 0.153428842244157 0.203293215973508 -0.67316904534624 0.203293215973508 -2.56226166547742
1.82856160074109 0.0726074616804195 -0.491055727680732 0.0726074616804195 -2.2298133626592 -0.603788365552962 -0.491055727680732 -0.603788365552962 1.90116906242151
0.652079739547277 0.239224519833912 0.708027409508434 0.239224519833912 0.183276849872755 0.59613206958612 0.708027409508434 0.59613206958612 0.383916769733456
1.64768672287944 1.05744188749555 -0.684453294451667 1.05744188749555 1.22470996788121 -0.211488377499111 -0.684453294451667 -0.211488377499111 -0.909400023246176
-6.49054980237295 -0.89626711990279 0.49639409717693 -0.89626711990279 -3.56930993684364 0.352597394423295 0.49639409717693 0.352597394423295 2.11952400223165
0.111629839980249 -0.744840484006144 -0.573546419208865 -0.744840484006144 -0.583169681276128 -0.0769860965381027 -0.573546419208865 -0.0769860965381027 0.255978770989192
2.40758299997783 0.285158876785927 0.111001441970361 0.285158876785927 -0.334918143876089 -0.371280685211207 0.111001441970361 -0.371280685211207 0.966478072328142
0.662275108015357 -0.570398792452533 -0.67375964746071 -0.570398792452533 -1.27286978852663 0.57614106217521 -0.67375964746071 0.57614106217521 1.16950893351845
0.826970531025739 0.032467665190387 0.502293879121869 0.032467665190387 1.00076803292722 -0.351414729119483 0.502293879121869 -0.351414729119483 0.454547312665418
-2.05123273460264 -0.192966390837501 -0.281730930622752 -0.192966390837501 -1.04780750224763 -0.179458743478876 -0.281730930622752 -0.179458743478876 0.526798246986379
0.437702136515909 0.360912288004346 -0.190054875066119 0.360912288004346 -0.516411731240262 -0.357072795578768 -0.190054875066119 -0.357072795578768 -0.902280720010866
1.84295468225322 -0.364371893473581 0.625185459328355 -0.364371893473581 -1.13530611019137 -0.506285157247502 0.625185459328355 -0.506285157247502 0.790111684795345
1.80073725077789 -0.375707034408875 1.29599951768314 -0.375707034408875 2.41742809008539 -0.499045202270374 1.29599951768314 -0.499045202270374 -1.00568044563992
-3.73888033156351 -0.315607195258856 -1.01652624239816 -0.315607195258856 -1.56448229306231 0.0929395421621172 -1.01652624239816 0.0929395421621172 -0.635086871441134
-2.57865904655198 -0.465748990786921 -0.113597314826078 -0.465748990786921 0.452495970723879 0.8690194584195 -0.113597314826078 0.8690194584195 2.15266911595419
-7.53680582292516 0.00798601941502004 -0.850511067699634 0.00798601941502004 -4.55802058112269 1.02420698997632 -0.850511067699634 1.02420698997632 -0.425255533849817
2.11829818157337 1.20374923261394 -0.0169013152785109 1.20374923261394 0.373706860047074 0.383096479646247 -0.0169013152785109 0.383096479646247 -0.279810664055347
-2.38420793070407 -0.729086619000052 -0.405258536275353 -0.729086619000052 -0.249972555085732 0.579481832244197 -0.405258536275353 0.579481832244197 2.48457569903394
-2.44094687441341 -0.329225875319925 -0.937027491295172 -0.329225875319925 -1.80976827320835 -0.130521500866479 -0.937027491295172 -0.130521500866479 -2.31042537354693
-1.30386636709061 -0.65964836914939 -0.098368616452102 -0.65964836914939 2.6154479197853 -0.378044094600235 -0.098368616452102 -0.378044094600235 0.921964679688328
-0.984155140906173 0.140869265266962 -0.00578914788768337 0.140869265266962 0.198760744143796 -0.785394396762377 -0.00578914788768337 -0.785394396762377 -2.39863694146348
-1.21057633242179 -0.291542306532201 1.09280096355779 -0.291542306532201 1.34572839505261 -0.0540608250523287 1.09280096355779 -0.0540608250523287 -0.0173766937668199
0.0638140395838187 1.08483867292492 0.361612890974972 1.08483867292492 -0.268792469762145 0.166303254672982 0.361612890974972 0.166303254672982 -1.31302220840645
2.88941440781258 0.500454129457735 0.985800209724294 0.500454129457735 -0.532558733988986 0.370147205183834 0.985800209724294 0.370147205183834 2.41728787058831
0.710534779512369 0 -0.0668513905455186 0 1.71139559796528 -0.334256952727593 -0.0668513905455186 -0.334256952727593 -2.14115453718647
1.05820372116867 0.384627392323512 -1.01419163149981 0.384627392323512 2.66177464040799 0.179875496907513 -1.01419163149981 0.179875496907513 -1.25530134012052
-2.23010264312552 -0.199392857848897 -1.32993100332225 -0.199392857848897 -1.81776595650596 0.0290377948323636 -1.32993100332225 0.0290377948323636 0.884684815892678
-0.504930360047356 -0.0655253138992752 -0.233193028876832 -0.0655253138992752 0.337262645069799 -1.04069616192967 -0.233193028876832 -1.04069616192967 -1.70751259161052
1.44293483002246 1.01390220722911 -0.475206537354062 1.01390220722911 1.54682613778407 -0.452119580073703 -0.475206537354062 -0.452119580073703 -0.613728281036218
-0.514240290929104 0.152725499937591 1.1812060817958 0.152725499937591 -1.48279061331813 -0.541305569399056 1.1812060817958 -0.541305569399056 -0.995615600858979
1.4676859185012 1.03103493095235 -0.536676764432288 1.03103493095235 1.48884521745731 -0.398179534901375 -0.536676764432288 -0.398179534901375 -0.652091122374715
-2.20388034387675 -0.00193322837182171 -0.825488514767872 -0.00193322837182171 -1.99702490809183 -0.160457954861202 -0.825488514767872 -0.160457954861202 1.36679245887795
0.897572701617592 0.0630210620284692 0.406772309456483 0.0630210620284692 1.16875424125525 -0.336112330818503 0.406772309456483 -0.336112330818503 0.431598788437395
-1.33903482259576 -0.305023691680123 0.389432763591603 -0.305023691680123 -0.560169295412552 -0.539067027434682 0.389432763591603 -0.539067027434682 0.531393475442729
1.03496721439614 0.11266248274792 0.219596364678148 0.11266248274792 1.45506460769347 -0.311253977761201 0.219596364678148 -0.311253977761201 0.292158641702232
-0.326882751377619 0.0696318286958241 1.22822808949579 0.0696318286958241 -1.098635519423 -0.684712982175604 1.22822808949579 -0.684712982175604 -1.3984392263078
-1.32971896365347 -0.428443555778042 0.119655407469543 -0.428443555778042 0.696703259621051 0.177553185277387 0.119655407469543 0.177553185277387 -1.46288385261151
0.328151919816105 0.067560689373904 0.517321850063037 0.067560689373904 -1.20064996544481 0.111957713819612 0.517321850063037 0.111957713819612 -0.204612373532395
-0.237807456964235 0.651553764202824 0.44468061058353 0.651553764202824 0.918362130552941 -1.03243237413741 0.44468061058353 -1.03243237413741 -0.518149581027765
0.428365143823724 0.127351799515161 0.775688233410527 0.127351799515161 -0.219971290071642 0.463097452782404 0.775688233410527 0.463097452782404 0.0405210271184604
2.39276646639981 0.522058138123594 0.870096896872657 0.522058138123594 -0.626091462749673 0.234547859156977 0.870096896872657 0.234547859156977 2.18659133214085
0.590361261124701 0.369934166873595 0.0287513601197095 0.369934166873595 -0.450437975208782 -0.461938519256666 0.0287513601197095 -0.461938519256666 -0.831872686130261
-0.699060180731355 -0.858900387344861 -0.618177184613678 -0.858900387344861 0.849271459235613 -0.261906844571527 -0.618177184613678 -0.261906844571527 -0.392860266857291
-0.133698429510875 0.475584413545825 -0.32278620839054 0.475584413545825 2.39320188824465 -0.19672768913743 -0.32278620839054 -0.19672768913743 -0.639842484087757
2.20742104639753 -0.117497978909467 -1.15379162896346 -0.117497978909467 -2.280616508669 0.427615595375439 -1.15379162896346 0.427615595375439 1.20194653835258
1.33298035988917 0.623086333204345 -0.0520846160882889 0.623086333204345 0.0540136759434107 0.871935054515058 -0.0520846160882889 0.871935054515058 1.12657095539114
0.58449249779491 -0.0133707434136091 -0.0305616992311064 -0.0133707434136091 1.68089345771085 -0.347639328753835 -0.0305616992311064 -0.347639328753835 -2.24055457488049
-3.37836571681923 -0.228582084050842 -1.28432137055685 -0.228582084050842 -2.25095238700914 0.153033768135733 -1.28432137055685 0.153033768135733 -0.0484284076378903
2.23137078421161 0.516678731204215 0.819494104803754 0.516678731204215 -0.673764206258976 0.17790403198973 0.819494104803754 0.17790403198973 2.11213723085679
1.24144200051231 1.21890447554083 0.236644012200531 1.21890447554083 0.212228360148095 0.268572172576793 0.236644012200531 0.268572172576793 -0.50145993061541
-2.11076334787072 -0.164600811531203 -1.48140730378082 -0.164600811531203 -2.09914446705675 0.11231584786835 -1.48140730378082 0.11231584786835 0.83268645833432
1.66865022875261 0.738490472860107 0.511118088086384 0.738490472860107 2.46727224138758 0.420920778424081 0.511118088086384 0.420920778424081 -1.6160351314496
-1.21627212150118 -0.50678005062549 0.0669332142335552 -0.50678005062549 0.686543540281324 -0.0248609081438919 0.0669332142335552 -0.0248609081438919 -1.09770471343031
1.7202055130625 0.829247052261069 0.23913170809389 0.829247052261069 0.943027461757355 -0.46283556405269 0.23913170809389 -0.46283556405269 -1.30751046844885
0.646785837807677 0.552181342128345 0.208516031293221 0.552181342128345 0.801242157284137 -0.287674895024907 0.208516031293221 -0.287674895024907 -0.299259118985641
-0.722730414966245 0.226094808960028 1.12854161053553 0.226094808960028 -1.64643399345252 -0.44639231512621 1.12854161053553 -0.44639231512621 -0.657027649969314
-1.36817956381454 -0.262890042415978 0.45861839516364 -0.262890042415978 -0.445186057229977 -0.566077098632945 0.45861839516364 -0.566077098632945 0.543050233603808
-2.44461661014895 -0.672222228197427 -0.357887327124827 -0.672222228197427 -0.151486699312096 0.649499223300613 -0.357887327124827 0.649499223300613 2.45787169633876
0.588318057486912 -0.54807480274025 -0.659222839659601 -0.54807480274025 -1.6768022811109 0.666888221516108 -0.659222839659601 0.666888221516108 0.605565166664052
0.154041028807902 0.837832912784443 0.954302958956271 0.837832912784443 0.503451167323387 0.0131498439226258 0.954302958956271 0.0131498439226258 -0.717605768349007
-6.89381948732028 -0.113372103513346 -0.431609587059579 -0.113372103513346 -4.13112033328454 1.02830486870877 -0.431609587059579 1.02830486870877 0.622552077187319
-0.017399707521684 0.60898976325894 0.454325696399526 0.60898976325894 0.800386545997464 -0.968583718707076 0.454325696399526 -0.968583718707076 -0.750120724268154
2.06390832213547 -0.0230175649308788 -1.01085472654776 -0.0230175649308788 -2.76210779170546 -0.663673122173672 -1.01085472654776 -0.663673122173672 1.53642245913616
0.206305612071006 -0.0248330829344729 0.0706787745058076 -0.0248330829344729 1.63134252507999 -0.383957666909928 0.0706787745058076 -0.383957666909928 -2.33430979584046
-2.03241673965637 -1.08825299306227 -0.578252897010442 -1.08825299306227 -0.252156181319307 0.00379182227547831 -0.578252897010442 0.00379182227547831 2.02293718396768
-1.44229219787652 0.39634034928242 0.00386673511495044 0.39634034928242 -1.10588624287583 -0.195270123304997 0.00386673511495044 -0.195270123304997 -0.589677105029943
0.320016748929957 0.356645172000253 -0.296883008043454 0.356645172000253 -1.75045306041205 0.084823716583844 -0.296883008043454 0.084823716583844 0.998606481600708
-0.581488343984703 -0.0232595337593881 -1.29671900708589 -0.0232595337593881 -2.26005136362055 -0.397350368389547 -1.29671900708589 -0.397350368389547 -1.67080984171605
0.442704709076229 1.07099741846389 0.365376375613132 1.07099741846389 -0.268715958784261 0.152723458589616 0.365376375613132 0.152723458589616 -1.44024021075018
0.0711971492525227 -0.736986707127464 -0.444501121008993 -0.736986707127464 -0.875532511078319 0.00192424727709521 -0.444501121008993 0.00192424727709521 0.652319826935275
2.35992374430733 -0.392678991711823 -1.07024274211654 -0.392678991711823 -2.78532598532847 0.100094644946151 -1.07024274211654 0.100094644946151 0.785357983423646
3.81741441548814 -0.474319455816641 -0.0609567172133835 -0.474319455816641 -1.12007967879592 1.37152613730113 -0.0609567172133835 1.37152613730113 1.11055519173133
1.83932617505587 0.775936374155336 0.411452944164694 0.775936374155336 2.22823375241702 0.411452944164694 0.411452944164694 0.411452944164694 -1.40532786408763
-1.93789895227012 -0.491793087585166 -0.819655145975277 -0.491793087585166 -2.01986446686765 0.0975779935684854 -0.819655145975277 0.0975779935684854 -1.61003689388001
-7.10865147471262 -0.65667008614485 0.249218165223648 -0.65667008614485 -4.27033348188774 0.593376583865828 0.249218165223648 0.593376583865828 1.96803233648833
0.988003417506865 0.739569289313649 -1.02813508436885 0.739569289313649 3.12262588821319 0.171992857979918 -1.02813508436885 0.171992857979918 -0.559932304312401
-3.28639335591533 -0.666032237736171 -0.791626888280706 -0.666032237736171 -0.182683128064778 0.024738340258772 -0.791626888280706 0.024738340258772 1.16270199216229
1.88265653564079 0.0860970976664997 0.384567036243699 0.0860970976664997 -1.0389049785091 -0.378827229732599 0.384567036243699 -0.378827229732599 -0.187500346029266
-2.40576084219441 -0.212386591204964 -0.529035690819637 -0.212386591204964 -0.0559928285903996 -0.0598544029759444 -0.529035690819637 -0.0598544029759444 -1.62765360350713
3.5001072230101 0.130058629051742 -0.680895175623823 0.130058629051742 0.650293145258708 0.0439904186498538 -0.680895175623823 0.0439904186498538 -1.20878019942207
-7.00038364359586 -0.246324509593044 -0.256256949495989 -0.246324509593044 -4.21731398279058 0.937622326838037 -0.256256949495989 0.937622326838037 0.99523047827512
-8.20844867554817 -0.147827987829293 -0.853007443285244 -0.147827987829293 -4.98420040046062 0.864993496352484 -0.853007443285244 0.864993496352484 -0.495423526779252
-7.9774740495327 -0.0878840406057684 -0.856869395906242 -0.0878840406057684 -4.84360905611337 0.92477979091979 -0.856869395906242 0.92477979091979 -0.489354317009392
-3.18835994564027 -0.722897839703641 -0.760945094424886 -0.722897839703641 -0.0760945094424886 -0.0171212646245599 -0.760945094424886 -0.0171212646245599 1.1528318180537
-1.39763541105842 -0.670864997308042 -0.065544281346188 -0.670864997308042 2.47333273432821 -0.412543417884831 -0.065544281346188 -0.412543417884831 0.952319852500496
-0.944028028098911 -0.628707190844561 -0.230203556032316 -0.628707190844561 2.95589103880151 -0.193448366413711 -0.230203556032316 -0.193448366413711 0.628707190844561
-2.15314275156349 -0.805968444075301 0.00389356736268262 -0.805968444075301 1.26151582550917 0.050616375714874 0.00389356736268262 0.050616375714874 0.562620483907638
1.85832258044893 -0.759087300183378 0.030747840007428 -0.759087300183378 -2.69235774065041 -0.417017580100742 0.030747840007428 -0.417017580100742 -0.0768696000185699
2.3204810654044 0.624817286061849 0.895822373992289 0.624817286061849 2.6761752433131 0.564593933188418 0.895822373992289 0.564593933188418 -1.21952289568698
-0.103952541460028 -0.23870583594525 0.196354800535609 -0.23870583594525 -0.028875705961119 0.0981774002678045 0.196354800535609 0.0981774002678045 0.912472308371359
-2.20444169646942 -0.468200006329789 -0.84276001139362 -0.468200006329789 -1.95083335970745 0.0273116670359044 -0.84276001139362 0.0273116670359044 -1.8318325247653
0.82563406507548 0.329867815719409 0.596076930159634 0.329867815719409 0.353016434366385 0.675168043870136 0.596076930159634 0.675168043870136 0.634657961237928
1.19161255782568 0.531730804294607 -1.08832671814256 0.531730804294607 2.89009081039263 0.218047883775486 -1.08832671814256 0.218047883775486 -1.08450131667281
0.590739480973957 0.194982639144999 0.198843681504306 0.194982639144999 -1.29344919036781 -0.102317622521633 0.198843681504306 -0.102317622521633 0.0714292836471778
1.19300974610751 0.617739674359877 -0.598435309536131 0.617739674359877 -1.67368843021879 1.03085308158804 -0.598435309536131 1.03085308158804 0.0733565863302354
-1.32109125056583 0.28778157358817 -0.658614205325945 0.28778157358817 -2.52822872367056 -0.110090937547152 -0.658614205325945 -0.110090937547152 1.53741028574619
-0.848759917193769 0.0713729930367487 -0.113810988896437 0.0713729930367487 0.144674985885301 -0.881552913994437 -0.113810988896437 -0.881552913994437 -2.17012478827952
1.04614734270875 1.19640189821449 0.315534566562064 1.19640189821449 0.225381833258617 0.236650924921548 0.315534566562064 0.236650924921548 -0.563454583146542
0.718401642526327 0.392031003851732 -0.45769136902887 0.392031003851732 -2.46998844298702 1.1007767103226 -0.45769136902887 1.1007767103226 -0.917313925268831
-1.15432562152638 -0.316570906238005 0.465204807337556 -0.316570906238005 1.39368411160878 0.0501880705011471 0.465204807337556 0.0501880705011471 -1.71797625946234
-2.66603228966553 -0.127876548777562 -1.54420620266237 -0.127876548777562 -2.70865780592471 0.209252534363283 -1.54420620266237 0.209252534363283 0.494068483913306
-1.44570249660954 -0.339711134049772 0.748908636427907 -0.339711134049772 2.16179812577128 -0.0791372528184129 0.748908636427907 -0.0791372528184129 -1.31445046754486
3.3741965771543 0.0495924878496392 -0.700017040031446 0.0495924878496392 0.42725835685843 0.612276484605161 -0.700017040031446 0.612276484605161 0.56077659337669
-2.95462353434935 -0.162746476646128 -1.45696845759391 -0.162746476646128 -2.59619379411681 0.191808347475794 -1.45696845759391 0.191808347475794 0.309993288849768
2.70023386050897 -0.329481551001796 1.2781611892311 -0.329481551001796 2.68319171131922 -0.253738665714027 1.2781611892311 -0.253738665714027 -0.715770265969418
0.614904587740193 -0.553605688027775 -0.670456715604572 -0.553605688027775 -1.54205044589052 0.639807265748363 -0.670456715604572 0.639807265748363 0.783476561949343
-0.253014991004917 -0.719095237592921 -0.0513639455423515 -0.719095237592921 0.610660241447957 0.294867094780166 -0.0513639455423515 0.294867094780166 0.460373141527743
3.04656686749227 0.481334914009001 1.01740987706216 0.481334914009001 -0.50587355668397 0.402056222289872 1.01740987706216 0.402056222289872 2.49350361335643
0.469103663817487 0.131271807158803 0.31852717913533 0.131271807158803 -1.34553602337773 -0.0250960807803594 0.31852717913533 -0.0250960807803594 -0.0598445003223954
1.62824932640535 1.23574170331571 0.105169506665167 1.23574170331571 0.22724125547295 0.323020627614441 0.105169506665167 0.323020627614441 -0.383117488565965
2.31956930774857 -0.779543013039577 -0.160101743509351 -0.779543013039577 -0.874841669890381 0.811944556368851 -0.160101743509351 0.811944556368851 2.35578279735188
-1.02486151569239 -0.459750960310605 0.252863028170833 -0.459750960310605 1.51143128202111 -0.358222623242013 0.252863028170833 -0.358222623242013 -1.55165949104829
-0.677870941006306 0.451913960670871 0.5175766729051 0.451913960670871 1.30359796347367 -0.384319992194459 0.5175766729051 -0.384319992194459 -2.37930769036971
2.72839183224212 0.513935303580233 0.952291886045726 0.513935303580233 -0.557393068221209 0.330656904876988 0.952291886045726 0.330656904876988 2.34294035455695
-1.41363809619759 -0.0854396651547994 -1.18644625930869 -0.0854396651547994 -2.01559937342459 -0.318456933758798 -1.18644625930869 -0.318456933758798 -2.15152611344358
-7.14185061862064 -0.593834585805485 0.174191478502942 -0.593834585805485 -4.31321854156717 0.651238595766682 0.174191478502942 0.651238595766682 1.84880501047441
-1.1122808944186 0.33793256340843 1.04083229529796 0.33793256340843 -1.71283533567587 -0.330208390530523 1.04083229529796 -0.330208390530523 -0.113931549949128
-0.535365585020026 -0.676351539793983 -0.177185051269973 -0.676351539793983 0.100976427067834 0.259109322287272 -0.177185051269973 0.259109322287272 0.215289363371042
-1.77755461584376 -0.407235639460406 1.02677421892387 -0.407235639460406 2.55728541367316 -0.140891951092937 1.02677421892387 -0.140891951092937 -0.470926521461322
0.995882150123558 0.311917805510397 1.42054133111964 0.311917805510397 0.548674694030338 -0.0150321833980914 1.42054133111964 -0.0150321833980914 0.415264066372276
1.62425602940117 -0.00382628039906048 0.547158097065649 -0.00382628039906048 -1.19188634430734 -0.39602002130276 0.547158097065649 -0.39602002130276 -0.447674806690076
-1.14404916387106 -0.521948355907504 -0.390979764757281 -0.521948355907504 -1.96067684986656 0.281197269234301 -0.390979764757281 0.281197269234301 0.327421477875556
0.603456617671299 0.356326764720196 0.113028382357481 0.356326764720196 -0.38314705883892 -0.498091176490596 0.113028382357481 -0.498091176490596 -0.829513382386262
-2.42932908399109 -0.344612543481199 0.162838894172435 -0.344612543481199 1.23454603488869 0.954311658871012 0.162838894172435 0.954311658871012 1.63785631929251
0.851136391828693 0.191071434900319 -0.386002898788523 0.191071434900319 -2.14424610277024 1.03062773976536 -0.386002898788523 1.03062773976536 -0.349332623403613
2.23325643886465 0.894053881328487 0.189704710113818 0.894053881328487 1.60967263928259 0.41321818044594 0.189704710113818 0.41321818044594 -0.886540823502198
3.18477516957661 0.456585065780533 1.04712690705866 0.456585065780533 -0.479225647554774 0.426397623414878 1.04712690705866 0.426397623414878 2.56027245563712
-0.786014762012435 0.426804084532551 0.494397491585217 0.426804084532551 1.19736892493295 -0.411354162920513 0.494397491585217 -0.411354162920513 -2.49709358054565
-0.948543981837137 -0.452235110532453 0.272107566506815 -0.452235110532453 1.64797540278775 -0.433072605848874 0.272107566506815 -0.433072605848874 -1.59432038967373
0.935843376151205 0.0362878043813732 -0.131782026437619 0.0362878043813732 1.77810241468729 -0.309401279462235 -0.131782026437619 -0.309401279462235 -1.85258790789116
-0.444138042686386 -0.643430754148226 0.334052544926513 -0.643430754148226 1.8486771520365 0.457424223450509 0.334052544926513 0.457424223450509 0.523855127271122
-0.0734128590275333 -0.00193191734282982 0.879022390987569 -0.00193191734282982 0.22217049442543 -0.162281056797705 0.879022390987569 -0.162281056797705 -0.680034904676098
2.01976275429871 -0.379298169821353 1.30288921333635 -0.379298169821353 2.51474686591557 -0.44567534954009 1.30288921333635 -0.44567534954009 -0.942555952006062
-1.8165512853675 -0.41346162027332 -0.33880882772397 -0.41346162027332 -1.61364882356671 -0.126335495083514 -0.33880882772397 -0.126335495083514 0.859464201401484
1.49053962902515 0.109910425426175 -0.744305687973749 0.109910425426175 -1.89740102840976 0.825292317235141 -0.744305687973749 0.825292317235141 0.71923839796427
3.63246369834933 0.239355805109998 -0.631899325490395 0.239355805109998 0.407862291907437 0.0804235505169593 -0.631899325490395 0.0804235505169593 -1.99718483783782
-0.130824083736374 -0.746466830731075 -0.269343701810182 -0.746466830731075 -0.927311887660769 0.065412041868187 -0.269343701810182 0.065412041868187 1.04274490272228
1.65386243351679 0.864562859061287 0.33964969463122 0.864562859061287 0.526842992240472 -0.289474171560699 0.33964969463122 -0.289474171560699 -1.5322832814613
-2.38570804041032 -0.189618319513554 -1.10481694328815 -0.189618319513554 -1.66012773614928 -0.0793301132658745 -1.10481694328815 -0.0793301132658745 1.02742171083364
2.12738580812526 -0.779660211042321 -0.203969786262905 -0.779660211042321 -0.813972885366921 0.74534753671772 -0.203969786262905 0.74534753671772 2.44573117547016
1.25569582521772 0.140807673181097 -0.599879265196178 0.140807673181097 -1.93080110759284 0.908498822853376 -0.599879265196178 0.908498822853376 0.379987830365425
0.374360646643634 0.100344090852933 0.771877621945637 0.100344090852933 -0.376290340698498 0.41488422179578 0.771877621945637 0.41488422179578 -0.0482423513716023
0.187187098667218 0.630323903675327 -0.582572092790832 0.630323903675327 2.71803307554543 -0.068762607673672 -0.582572092790832 -0.068762607673672 -0.374374197334437
-3.98973862495148 -0.950496554767853 0.338345481429709 -0.950496554767853 -0.8096822503578 0.148637321321722 0.338345481429709 0.148637321321722 1.10891264722916
-0.742464921505363 -0.730924015989736 0.255823405596408 -0.730924015989736 -0.0557810433255325 0.107715118145856 0.255823405596408 0.107715118145856 1.50993513829459
-2.03995935564709 -0.782819941770055 -0.214022200828759 -0.782819941770055 1.3014863563911 -0.00385625587078845 -0.214022200828759 -0.00385625587078845 -0.487816367654739
2.91847238131912 -0.293361361286942 1.25672221867438 -0.293361361286942 2.70460248567122 -0.183587432547312 1.25672221867438 -0.183587432547312 -0.637824379056125
0.0752238945665185 0.439770460542723 -0.43398400711453 0.439770460542723 -2.24128629452037 0.0443628096161519 -0.43398400711453 0.0443628096161519 1.18622295277971
-1.05620088754949 -0.256809356570534 1.07164806689208 -0.256809356570534 1.15467665585849 -0.0521342302812362 1.07164806689208 -0.0521342302812362 -0.0714432044594718
-1.25838239094595 -0.403377177465802 0.162122884723097 -0.403377177465802 0.735343084279763 0.169843022090864 0.162122884723097 0.169843022090864 -1.54981757657913
1.19494694757438 0.650051139480464 -1.10699885223291 0.650051139480464 3.05332844044206 0.221782153469806 -1.10699885223291 0.221782153469806 -0.866097547601913
0.225442395869967 0.62184527527466 1.19108732484633 0.62184527527466 0.597422349055413 -0.0432097925417437 1.19108732484633 -0.0432097925417437 -0.471550344694682
3.12047856890061 0.710071999073325 -0.729263134183415 0.710071999073325 0.191911351100899 0.22645539429906 -0.729263134183415 0.22645539429906 -2.45838440760251
-0.874789610711064 -0.384673110067142 -0.675618761843813 -0.384673110067142 -1.98194521176725 0.371004522399782 -0.675618761843813 0.371004522399782 -1.07981842572147
3.34743130899142 0.594672610766385 -0.69058754798677 0.594672610766385 0.151545600808208 0.216767758118069 -0.69058754798677 0.216767758118069 -2.55517392755105
0.713224214836827 -0.231367640737952 1.06696812836179 -0.231367640737952 -0.992395087132206 -0.458911022951309 1.06696812836179 -0.458911022951309 -0.54495683975468
0.0173170761823664 -0.738861917114301 -0.390596273891154 -0.738861917114301 -0.919729157241239 0.0250135544856404 -0.390596273891154 0.0250135544856404 0.786964906509763
1.2880908107806 -0.727055702085052 -0.444629865054638 -0.727055702085052 -0.635458133318431 0.4980617801685 -0.444629865054638 0.4980617801685 2.52465798912998
0.181277350592582 0.420409174778541 -0.391481937981853 0.420409174778541 -2.09626042653337 0.0597829560464898 -0.391481937981853 0.0597829560464898 1.12237678771152
2.02105523995423 -0.0326596379080056 -1.16806234400397 -0.0326596379080056 -2.87020582556238 -0.653192758160112 -1.16806234400397 -0.653192758160112 1.22185468879362
-1.09085376687579 0.520283090938984 0.117982410956424 0.520283090938984 -1.31327962359691 -0.133455514032676 0.117982410956424 -0.133455514032676 -0.866493772270129
-1.11609272709717 -0.641077483384534 -0.164131283396643 -0.641077483384534 2.84043668089954 -0.30509109149023 -0.164131283396643 -0.30509109149023 0.820656416983213
-0.209457727158966 -0.353580016488529 0.0903166346465265 -0.353580016488529 1.74099725510113 -1.02615070002649 0.0903166346465265 -1.02615070002649 -1.43161474067366
-0.279218760398978 -0.163679962992505 -0.211821128578535 -0.163679962992505 0.710563604049814 -1.11302374834903 -0.211821128578535 -1.11302374834903 -1.46541708043878
-0.119908298564532 1.08304269671191 0.365526910140268 1.08304269671191 -0.245618611575736 0.156654390060115 0.365526910140268 0.156654390060115 -1.25130111566536
-1.05620167279375 0.307012917685935 0.312805614246047 0.307012917685935 0.687399991799955 -0.55416797091738 0.312805614246047 -0.55416797091738 -2.70132749586555
-0.591803752089802 -0.0308431922913252 -0.217830045557484 -0.0308431922913252 0.252528636885225 -1.00625914850448 -0.217830045557484 -1.00625914850448 -1.81396524663356
0.652520863197956 0.229733676688038 0.146720667464629 0.229733676688038 -1.22009818207428 -0.135137456875316 0.146720667464629 -0.135137456875316 0.135137456875316
-1.33447814394671 -0.366214548123308 0.228165084956406 -0.366214548123308 -0.828296779001408 -0.463999584533196 0.228165084956406 -0.463999584533196 0.544528438047222
0.0538328756519576 0.278777391769066 -0.344145883632157 0.278777391769066 -0.428740402513805 -0.261473967452365 -0.344145883632157 -0.261473967452365 -1.06896710223173
-2.50115912701252 -0.363529562745196 0.0946691569648949 -0.363529562745196 1.03568057719595 0.946691569648949 0.0946691569648949 0.946691569648949 1.77410000152213
-0.433124524594236 0.119882680914476 1.20076040077241 0.119882680914476 -1.37091646400586 -0.591679038061769 1.20076040077241 -0.591679038061769 -1.14468624357048
-1.15276928674554 -0.0601613600826798 -1.22457478103777 -0.0601613600826798 -2.09012209061439 -0.345442648216678 -1.22457478103777 -0.345442648216678 -2.01831659632216
0.0889296937367968 0.579976263500849 0.465914265012348 0.579976263500849 0.717237312529383 -0.926028767389688 0.465914265012348 -0.926028767389688 -0.856431615769586
0.023228606832009 -0.0038714344720015 -1.35306634796453 -0.0038714344720015 -2.44287515183295 -0.447150681516174 -1.35306634796453 -0.447150681516174 -1.23111616209648
-2.71145321233737 -0.94055314653609 -0.655537041525154 -0.94055314653609 0.161509126172864 -0.153908696705906 -0.655537041525154 -0.153908696705906 1.22366914418029
-1.01572213454683 0.339861398631638 0.368826858742289 0.339861398631638 0.818757005794402 -0.513654159295544 0.368826858742289 -0.513654159295544 -2.6918567596165
3.6029109426885 -0.0812402572289488 1.14869945105118 -0.0812402572289488 2.65447817224821 0.0982440319977986 1.14869945105118 0.0982440319977986 -0.392976127991194
-0.309426092456935 0.297965866810382 -0.0916818051724251 0.297965866810382 2.07239080441836 -0.303695979633658 -0.0916818051724251 -0.303695979633658 -1.12119207575445
1.74639749805042 -0.566139848269093 0.562301612009642 -0.566139848269093 -1.700338662937 -0.514323658766498 0.562301612009642 -0.514323658766498 0.378066271555971
-0.721685771836223 0.696533184614049 0.448876941195721 0.696533184614049 -0.88034055277609 -0.373419179529199 0.448876941195721 -0.373419179529199 -0.361810293118965
-0.331000408266599 0.192442097829418 -0.40990166837666 0.192442097829418 -0.31752946141854 -0.207837465655772 -0.40990166837666 -0.207837465655772 -1.21430963730363
1.21452835420128 -0.307908596839762 1.2240317059556 -0.307908596839762 1.99950520910759 -0.623419875082976 1.2240317059556 -0.623419875082976 -1.14040221051764
1.64769261124398 0.84408112716358 0.0790121603052666 0.84408112716358 1.30659133382856 -0.576210632470115 0.0790121603052666 -0.576210632470115 -1.01752245466295
-0.369331841894269 -0.702492008551471 -0.131360294281982 -0.702492008551471 0.31221867046732 0.276046995230253 -0.131360294281982 0.276046995230253 0.367428069513371
-0.982646170691146 0.553222056727692 0.15668177131099 0.553222056727692 -1.36951474182939 -0.117994914197165 0.15668177131099 -0.117994914197165 -0.920747199309026
-0.605539667477839 1.02922397155978 0.396599462725102 1.02922397155978 -0.0986662077999035 0.0657774718666023 0.396599462725102 0.0657774718666023 -1.1085438641048
-1.55998297675322 0.346018528920479 -0.0328620949254086 0.346018528920479 -1.03805558676144 -0.216503213626221 -0.0328620949254086 -0.216503213626221 -0.469734650992606
3.5145978007021 0.479350491094121 -0.655751471816758 0.479350491094121 0.172566176793884 0.185987990544519 -0.655751471816758 0.185987990544519 -2.53672279887009
2.56158910273621 0.521770178859921 0.913097813004862 0.521770178859921 -0.587936687048679 0.285461221042928 0.913097813004862 0.285461221042928 2.26478505171806
-2.31814360625577 -0.78597189264391 -0.448856237485799 -0.78597189264391 -0.325752206107837 0.507567390912212 -0.448856237485799 0.507567390912212 2.49048925018492
-1.35714632155491 -0.706725695344761 -0.16114899097147 -0.706725695344761 2.25414431949249 -0.0310648657294401 -0.16114899097147 -0.0310648657294401 0.464031431833511
-1.6561623602241 -0.38798209138117 1.1214805725993 -0.38798209138117 2.08661015314948 -0.0965129580550175 1.1214805725993 -0.0965129580550175 0.00193025916110035
-0.795011854787889 -0.552465865191584 -0.417718093193637 -0.552465865191584 -2.15788932013856 0.411943188679439 -0.417718093193637 0.411943188679439 0.173247135425932
-0.623250846527394 0.197427286788181 1.05681665280732 0.197427286788181 0.0677446572312385 -0.789709147152723 1.05681665280732 -0.789709147152723 -1.62393621191455
-0.545264056071289 0.690281092260462 0.446652471462652 0.690281092260462 0.93197615257575 -1.05185690249213 0.446652471462652 -1.05185690249213 -0.17595400390953
1.76035951004685 0.103101316206648 -0.376128875790921 0.103101316206648 -2.09448414590173 -0.572785090036935 -0.376128875790921 -0.572785090036935 1.91310220072336
-0.703868564900732 0.701934860052103 0.456354344276299 0.701934860052103 0.816023446121178 -1.01132763583265 0.456354344276299 -1.01132763583265 0.00193370484862838
0.189454074450566 0.549030174938376 0.479434800650413 0.549030174938376 0.624425163750336 -0.873808588282204 0.479434800650413 -0.873808588282204 -0.951136781935496
1.59053637739862 0.884060268020109 0.359028842471048 0.884060268020109 0.389913043973934 -0.225840723489853 0.359028842471048 -0.225840723489853 -1.58088506442897
-0.728073296948711 -0.181535517011084 1.01968886150907 -0.181535517011084 0.778285248462415 -0.0637305538443168 1.01968886150907 -0.0637305538443168 -0.239472384142281
-0.225236041841511 -0.196359626220805 -0.184809059972522 -0.196359626220805 0.860517185497056 -1.12425511483284 -0.184809059972522 -1.12425511483284 -1.41494436541462
3.33477695020427 0.0610485482874923 -0.724951510913971 0.0610485482874923 0.524635961845637 0.522728194711653 -0.724951510913971 0.522728194711653 0.486480619165954
-1.9138162746183 -0.890416031091296 -0.337278799655794 -0.890416031091296 1.58231939724232 -0.148402671848549 -0.337278799655794 -0.148402671848549 -0.370043025908071
-0.841708584429745 0.955871357950101 0.443106358240027 0.955871357950101 0.0348293207350239 -0.0406342075241946 0.443106358240027 -0.0406342075241946 -1.06616420694434
-3.44054167688926 -0.390970645101052 -0.926886504971275 -0.390970645101052 -1.19007650021003 0.24411825645334 -0.926886504971275 0.24411825645334 1.35981497540025
-0.303751524883067 0.0483680772106795 1.23048388423969 0.0483680772106795 -0.787432296989863 -0.760346173751882 1.23048388423969 -0.760346173751882 -1.57486459397973
-1.20809065122516 -0.650361900100446 -0.131230294382286 -0.650361900100446 2.73846746659505 -0.341584736848009 -0.131230294382286 -0.341584736848009 0.876155200728791
-0.203409440550488 -0.7185866217578 0.0532286386487259 -0.7185866217578 0.967620609721482 0.321272854701239 0.0532286386487259 0.321272854701239 0.505672067162896
-2.59753221259837 -0.366980268446569 -0.732049181328311 -0.366980268446569 -1.82343320884389 0.137617600667463 -0.732049181328311 0.137617600667463 1.22326756148856
0.330465681827031 -0.0267428875466961 0.0401143313200442 -0.0267428875466961 1.64086717161514 -0.37249021940041 0.0401143313200442 -0.37249021940041 -2.33809245408258
-8.44514078999848 -0.21177783859471 -0.847111354378839 -0.21177783859471 -5.12262620902676 0.799161655074377 -0.847111354378839 0.799161655074377 -0.489486513733056
-1.48377737787297 -0.415002868140716 0.471852576105197 -0.415002868140716 2.2152436203493 0.778840999113398 0.471852576105197 0.778840999113398 0.803475872564674
-3.37117344672216 -0.612940626676757 -0.820426739433795 -0.612940626676757 -0.304566771019506 0.066623981160517 -0.820426739433795 0.066623981160517 1.18400332233833
1.7376292528285 -0.668171248601458 0.439687402096936 -0.668171248601458 -2.0736349094528 -0.501128436451093 0.439687402096936 -0.501128436451093 0.14784248891469
0.601216314290635 0.335072786626946 0.202958373614036 0.335072786626946 -0.298693455507449 -0.532287055327377 0.202958373614036 -0.532287055327377 -0.842468720662036
1.00304926381809 0.424366996230732 0.439798523366395 0.424366996230732 0.414722291770942 0.740713302511823 0.439798523366395 0.740713302511823 0.864165519597127
-3.50696048304239 -0.442181973948824 -0.911047342877318 -0.442181973948824 -0.890081818250434 0.205843332700315 -0.911047342877318 0.205843332700315 1.30748635400385
-0.296074732861312 0.135621329246149 0.0630352657059568 0.135621329246149 1.82038206720536 -0.370570955968352 0.0630352657059568 -0.370570955968352 -1.67712009969182
-1.12149641960373 -0.332009267077179 0.357102990751617 -0.332009267077179 1.10798441454826 0.100374894697752 0.357102990751617 0.100374894697752 -1.7391880792822
0.351822424994906 0.475540200817291 0.52000127650346 0.475540200817291 0.427212944636672 -0.753905196417656 0.52000127650346 -0.753905196417656 -1.09219598968199
-2.00640789677412 -0.250800987096765 -0.300961184516119 -0.250800987096765 -1.13632139538458 -0.138905162084362 -0.300961184516119 -0.138905162084362 0.565266840148864
0.0808412392981537 -0.752593442037574 -0.602459711912431 -0.752593442037574 -0.436927650492402 -0.105863527652344 -0.602459711912431 -0.105863527652344 0.136660190242117
-1.3097180005986 -0.547316173270677 -0.0691346745184013 -0.547316173270677 1.46911183351603 -0.426330492863475 -0.0691346745184013 -0.426330492863475 -0.0614530440163567
-0.575601801965827 -0.424026660781493 0.270532846923939 -0.424026660781493 1.96855816272313 -0.736770306516259 0.270532846923939 -0.736770306516259 -1.60592902748466
-1.89829901866959 0.439403224626057 0.873024827875456 0.439403224626057 -1.11585292569512 -0.281372240330721 0.873024827875456 -0.281372240330721 0.82869906398774
-1.60745177033855 -0.685332730826976 0.0115505516431513 -0.685332730826976 2.04059745695673 -0.485123169012354 0.0115505516431513 -0.485123169012354 0.90479321204685
-1.3271668279233 -0.337545320396676 0.312612995594649 -0.337545320396676 -0.688515738763675 -0.506317980595014 0.312612995594649 -0.506317980595014 0.531250305397042
2.10204062890293 -0.692346410251651 -0.480796118230313 -0.692346410251651 -2.99824459328423 -0.251937165952684 -0.480796118230313 -0.251937165952684 0.0846201168085351
-2.23273428500899 -0.329512947914812 0.284062886133459 -0.329512947914812 1.61158344066382 0.94119502938886 0.284062886133459 0.94119502938886 1.36539560601482
1.59960225191672 0.366654672945281 0.383752559248429 0.366654672945281 -1.15695697317967 -0.210873931072157 0.383752559248429 -0.210873931072157 1.87696796305667
-1.13112663814499 -0.343584541962129 0.304979537247283 -0.343584541962129 0.986357870464315 0.123536015087507 0.304979537247283 0.123536015087507 -1.71985296004639
3.29194189100478 0.0821075993696088 -0.758063184877551 0.0821075993696088 0.759972663932658 0.225318528502647 -0.758063184877551 0.225318528502647 -0.00763791622042872
1.70630406973169 0.829051694897881 0.192802719743693 0.829051694897881 1.07391114897237 -0.50899918012335 0.192802719743693 -0.50899918012335 -1.21465713438527
3.83371775262394 -0.179110073929747 -0.331544179401872 -0.179110073929747 -0.6097364218885 1.26710850173704 -0.331544179401872 1.26710850173704 0.76788680631583
0.175255607624455 -0.0115553147884256 0.0404436017594896 -0.0115553147884256 -0.527692708671436 0.105923718893901 0.0404436017594896 0.105923718893901 0.830056778968572
0.801177582942796 0.341707065496084 0.0463331614231978 0.341707065496084 -0.832066357224927 -0.21429087158229 0.0463331614231978 -0.21429087158229 0.266415678183387
