-6.32679943558235 0 0 0 17.9560193669447 0 0 0 21.1697983768573
-8.96464027455715 0 0 0 16.9378968011045 0 0 0 20.4921130040759
-8.31295156021311 0 0 0 -5.09778588880984 0 0 0 15.7879985389531
-25.9935342566527 0 -0.00212157478425177 0 -3.48786894530991 0 -0.00212157478425177 0 -0.657688183118048
-28.0206961582112 0 -0.00213182411428874 0 -4.30415288674896 0 -0.00213182411428874 0 -1.22579886571602
-24.8376763513889 0 0 0 -14.5072270539967 0 0 0 -12.7275938209465
-7.30025211942695 0 0 0 -0.604615554520874 0 0 0 0.145278649142825
-9.72250423354348 0 0 0 -1.45547756024343 0 0 0 -0.450811633703716
-10.894098461035 0 0 0 1.68162496425506 0 0 0 4.77246880799427
-26.5066625477417 0 0 0 -6.21333451958279 0 0 0 -11.7657670196988
-28.5332712476863 0 0 0 -6.96085452822594 0 0 0 -12.2776665389796
-4.88618531657793 0 0 0 -3.07959917201343 0 0 0 -1.81708955238173
-0.727280674765607 0 0 0 -13.1121940258613 0 0 0 -4.87108917052313
-23.4830306993115 -0.00212631570982538 0 -0.00212631570982538 0.265789463728172 0 0 0 -4.63749456312915
-25.8359811493874 -0.00213644101127821 -0.0918669634849631 -0.00213644101127821 -0.200825455060152 0 -0.0918669634849631 0 -4.92876941301883
-6.98786536710091 -0.00214746938140778 0 -0.00214746938140778 1.56335770966486 0 0 0 -0.294203305252866
-4.4802672407562 -0.0273571978064024 0 -0.0273571978064024 6.57204067303035 0 0 0 12.253920217437
-7.07892230970679 -0.0274868548465317 0 -0.0274868548465317 5.69400770013154 0 0 0 11.6248252266332
-7.90929619103331 -0.192239837976504 0 -0.192239837976504 14.4919262474595 0 0 0 8.70783090262802
-15.4913411481783 6.23400864236752 0 6.23400864236752 16.2322684048531 0 0 0 7.77973619508569
-17.6479389321948 6.14148274840379 0 6.14148274840379 15.3162718490321 0 0 0 7.2260288136914
-16.6423591221668 1.81298238623604 0 1.81298238623604 -5.25786449468456 0 0 0 -9.04766596317798
-5.63005308510071 0 0 0 -1.00131816614207 0 0 0 -1.82000597493748
-5.64913631006984 -6.67287855482361 0 -6.67287855482361 -7.58311419674754 0 0 0 -7.42158556964353
-8.29418025584935 -6.6647313055331 0 -6.6647313055331 -8.3731306760531 0 0 0 -8.022239919592
-11.3998348252572 1.28248141784143 0 1.28248141784143 -11.0673396428539 0 0 0 -5.9482092696181
-12.0728218668959 3.47163970500198 0 3.47163970500198 -8.46482723582466 0 0 0 -13.9363391898428
-14.4689742572264 3.30955497738182 0 3.30955497738182 -9.1871680548214 0 0 0 -14.5429064971942
-8.2272553021771 -1.44755221668035 0 -1.44755221668035 -5.11646336494852 0 0 0 -10.0883938664804
-4.36706748103642 -1.69854141263403 -0.00213653007878494 -1.69854141263403 13.2956266802787 0 -0.00213653007878494 0 8.29828282600071
-6.92879719915135 -1.59697184515756 0 -1.59697184515756 12.3743853324373 0 0 0 7.63069208270851
-12.9607654523004 -7.20579051310793 0 -7.20579051310793 -2.85992843088018 0 0 0 -3.428402309313
3.02883561048159 -5.36505576594983 0 -5.36505576594983 5.89048818009789 0 0 0 -4.62033131118626
-2.56151710907443 0 -0.00208762600576563 0 14.0163210027104 0 -0.00208762600576563 0 2.18991968004815
0.525683705215993 -5.37462510229131 -0.00218126018761823 -5.37462510229131 5.03652977321048 0 -0.00218126018761823 0 -5.30700603647514
-5.1586257808515 -3.5317408750274 0 -3.5317408750274 10.4961011606214 0 0 0 6.57433887108518
-10.6949335497713 -3.07860824115473 -0.00222764706306421 -3.07860824115473 -2.09621588634342 0 -0.00222764706306421 0 -1.5058894146314
-12.8142879557194 -3.0972711370443 0 -3.0972711370443 -2.83767326717643 0 0 0 -2.08349669695682
-12.2919655093915 0.402908153656526 -0.0021778819116569 0.402908153656526 -7.48973589418808 0 -0.0021778819116569 0 -0.838484535987906
-3.02850362628734 0.685952708840803 -0.00224167551908759 0.685952708840803 0.522310395947409 0 -0.00224167551908759 0 -9.31640345732803
-5.29660621056114 0.691351235817291 -0.00225195842285763 0.691351235817291 -0.31302222077721 0 -0.00225195842285763 0 -9.95365622903071
-5.96599446137006 0.567448186366791 -0.00667586101607989 0.567448186366791 -10.4076673240685 0.00222528700535996 -0.00667586101607989 0.00222528700535996 -0.485112567168472
-13.5768679563163 6.51542322768004 -0.00866700795168611 6.51542322768004 1.8720737175642 0.00216675198792153 -0.00866700795168611 0.00216675198792153 -3.10062209471571
-15.8416293902408 6.54517444029323 -0.00652993791848344 6.54517444029323 1.04261342098452 0.00217664597282781 -0.00652993791848344 0.00217664597282781 -3.678531694079
-5.23663850222897 0 -0.0020980122204443 0 12.976205583448 0 -0.0020980122204443 0 1.53994096980612
-0.470646958295633 -1.16423194946815 0.00225189932198868 -1.16423194946815 -4.30337960432036 -0.0135113959319321 0.00225189932198868 -0.0135113959319321 0.930034419981323
-9.28718273725918 1.22848621210135 0.010814139191033 1.22848621210135 -0.380657699524363 -0.0173026227056529 0.010814139191033 -0.0173026227056529 0.222771267335281
-11.6780412525289 1.24927883166588 0.00869063535071915 1.24927883166588 -1.21234363142532 -0.0173812707014383 0.00869063535071915 -0.0173812707014383 -0.460603673588115
-6.45000636503171 -2.43847047699738 -0.019718090110491 -2.43847047699738 0.996859000030377 0.0328634835174849 -0.019718090110491 0.0328634835174849 -4.2875891495812
-8.98317404355711 -1.13478657580517 -0.0442411920391879 -1.13478657580517 4.1675202900915 0.00442411920391879 -0.0442411920391879 0.00442411920391879 3.44417680025078
-11.2436682744144 -1.26880130132226 -0.0399972389208417 -1.26880130132226 3.32643703691667 0.00444413765787131 -0.0399972389208417 0.00444413765787131 2.81313913743254
-7.96577367285487 4.96591161243432 0.0180578604088521 4.96591161243432 -13.477935562657 0.0406301859199172 0.0180578604088521 0.0406301859199172 -4.83047765936793
-6.81240220829532 -2.35729346910671 -0.0241886456718039 -2.35729346910671 -0.153927745184207 0.125341163935711 -0.0241886456718039 0.125341163935711 6.2450685189021
-9.07184126518692 -2.33256985050825 -0.0220887296449645 -2.33256985050825 -0.929935518053006 0.125905758976298 -0.0220887296449645 0.125905758976298 5.55089775977958
-7.87278422247415 3.86967360087712 0.186811829007861 3.86967360087712 2.07494567219446 -0.335816502145084 0.186811829007861 -0.335816502145084 -11.7268901709339
22.7665054319015 0 0 0 -7.36244785837665 0 0 0 -0.0124999114743237
-5.60660451318098 2.5115966380863 -0.635219956897162 2.5115966380863 -2.09487432593745 0.477541244192193 -0.635219956897162 0.477541244192193 -0.200477220439175
-8.05278662805148 2.47534379631591 -0.629017893396547 2.47534379631591 -2.83963113745563 0.477420055779393 -0.629017893396547 0.477420055779393 -0.798716965356047
-0.0877984920377754 1.47456441755751 -0.0405223809405117 1.47456441755751 4.36966341141852 -2.09815883536427 -0.0405223809405117 -2.09815883536427 5.43900401957091
-3.72771555727118 1.22319160757489 1.54743801177664 1.22319160757489 -2.18698609178837 1.64359384198819 1.54743801177664 1.64359384198819 0.13640710797453
-6.1904306445787 1.2533600506803 1.59702329038297 1.2533600506803 -2.94696843457447 1.60825411520985 1.59702329038297 1.60825411520985 -0.487417797486784
-1.98097515932031 -1.19180619341222 0.354320760203633 -1.19180619341222 -4.42210715007392 -0.761559556022095 0.354320760203633 -0.761559556022095 -3.62373504753716
1.92205085019246 0.488540371230303 -1.8486551136696 0.488540371230303 0.74771906582666 0.827995652648541 -1.8486551136696 0.827995652648541 -0.99772329335766
-0.352483022198222 0.481496415943976 -1.89603612594207 0.481496415943976 -0.00230381060260276 0.868536597181239 -1.89603612594207 0.868536597181239 -1.72785795195207
3.95270165547499 0.237841646891045 2.09753680972484 0.237841646891045 2.13604450493577 1.48367884489176 2.09753680972484 1.48367884489176 -0.910593733811429
-6.36671884587297 0.434146126226968 -2.09572109100139 0.434146126226968 -0.620533468376766 1.23652090401817 -2.09572109100139 1.23652090401817 0.781917630482079
6.80308340229463 0 0 0 25.4081444227181 0 0 0 9.09466989451849
-8.53869628965687 0.452048627099481 -2.06846493006126 0.452048627099481 -1.38354276778932 1.24884140920917 -2.06846493006126 1.24884140920917 0.100455250466551
-1.56545714252591 -4.29720215619293 -3.22457411409184 -4.29720215619293 4.22361229051863 0.0289899470838132 -3.22457411409184 0.0289899470838132 0.755968620108668
4.5725692173432 0.541091227852191 2.09005195307713 0.541091227852191 -7.0272191222349 2.31531310801989 2.09005195307713 2.31531310801989 1.65810788277453
2.50278366994868 0.522482331843899 2.00829146302499 0.522482331843899 -7.79758230068819 2.22754744156662 2.00829146302499 2.22754744156662 0.891018976626649
0.336306159596081 -1.84501295889517 -1.61847339305614 -1.84501295889517 -5.39958222907042 -1.17940701802792 -1.61847339305614 -1.17940701802792 1.37792107056728
-2.34734980913391 0.452556243630491 -1.88793665272114 0.452556243630491 -4.02729344079255 -0.676548727851643 -1.88793665272114 -0.676548727851643 -1.6250883294004
-4.61887248087534 0.436175830698963 -1.84112113800299 0.436175830698963 -4.77268185275339 -0.665742057382628 -1.84112113800299 -0.665742057382628 -2.31632322723818
1.33432837229284 1.2768142183147 -2.08201237400865 1.2768142183147 0.186345858889172 -0.287570769890697 -2.08201237400865 -0.287570769890697 3.75222340553382
-4.47667447645772 1.55075835149834 -0.328395886199649 1.55075835149834 -5.0536478042946 1.48462306886091 -0.328395886199649 1.48462306886091 -4.4994797463327
-6.87832804707211 1.62853521194415 -0.288601176800228 1.62853521194415 -5.79263790577601 1.45674879718211 -0.288601176800228 1.45674879718211 -5.13297807308978
4.08106518494476 0 0 0 24.2764724768575 0 0 0 8.34735269295813
-7.48552045164338 0.195594601410909 1.69592024988047 0.195594601410909 0.757066163108107 -0.830701777756919 1.69592024988047 -0.830701777756919 -1.8892137383336
4.58664179850079 -0.353348092530826 1.28031321839092 -0.353348092530826 5.89448863449151 -2.34494643225003 1.28031321839092 -2.34494643225003 -0.0321225538664388
2.36205507082798 -0.230444397153949 1.20522419711515 -0.230444397153949 5.09743006504535 -2.2583550921087 1.20522419711515 -2.2583550921087 -0.721290963091861
-0.405970527981653 -0.113399588821691 0.188243317444007 -0.113399588821691 7.28705757768185 -0.58287388654349 0.188243317444007 -0.58287388654349 3.75806237355083
7.01065452722589 -1.48297787686206 -0.674508162693205 -1.48297787686206 0.660406946748399 -3.83318053432967 -0.674508162693205 -3.83318053432967 -1.91071476052117
4.94734995291115 -1.43510914664598 -0.656184774288788 -1.43510914664598 -0.125099974954337 -3.79548603257687 -0.656184774288788 -3.79548603257687 -2.65778437355818
3.04043907942073 0.736033894791898 -0.0756670359131857 0.736033894791898 3.99430232002332 2.04530291013823 -0.0756670359131857 2.04530291013823 4.66154800034868
-4.00527455385381 2.73118897521139 1.12157073037031 2.73118897521139 -0.178325053364317 -2.70303238783807 1.12157073037031 -2.70303238783807 -1.72693735889655
-5.96193470004061 2.7005443344848 1.06513615984915 2.7005443344848 -0.914320420401485 -2.64398843219192 1.06513615984915 -2.64398843219192 -2.42247781487816
2.09221486785559 -0.629579531173935 1.1825562296575 -0.629579531173935 4.8882182610539 -0.146024149816008 1.1825562296575 -0.146024149816008 0.955141570107985
-1.91813205941877 0 0 0 -12.0024446640621 0 0 0 -1.97042573606596
0.0525348345520464 1.21546503577235 -0.788022518280696 1.21546503577235 6.34238729864706 -0.0716384107527906 -0.788022518280696 -0.0716384107527906 -9.49447737176984
-2.08643026570129 1.23986718088226 -0.781811800711057 1.23986718088226 5.58060141182402 -0.0263801527847289 -0.781811800711057 -0.0263801527847289 -10.1587570178283
-3.36615271939032 -1.62011235199434 -2.59847616396102 -1.62011235199434 -6.57489541952858 -2.24490904379484 -2.59847616396102 -2.24490904379484 -1.07765320872568
2.52399731642697 0.485384099312878 -0.57535773723429 0.485384099312878 1.29277911329186 3.60604869879763 -0.57535773723429 3.60604869879763 -7.32338058134015
0.601594980048353 0.482702691501247 -0.549282373087626 0.482702691501247 0.527881761149147 3.59054711412258 -0.549282373087626 3.59054711412258 -8.05138578040997
-0.99553010311858 0.203312485848161 1.08900710810624 0.203312485848161 -2.80898399987919 1.21520106483958 1.08900710810624 1.21520106483958 3.79049255224962
4.65585562875372 3.87249684494739 2.31044212723833 3.87249684494739 -3.90280536932085 3.79322839658603 2.31044212723833 3.79322839658603 -0.032639949325264
2.39285564896607 3.83044211517465 2.3038844995916 3.83044211517465 -4.62649976747256 3.79298057859593 2.3038844995916 3.79298057859593 -0.763278807791526
4.77209220874827 0.0990662180043945 -1.09214464726796 0.0990662180043945 -2.32684799849346 2.30751800473651 -1.09214464726796 2.30751800473651 -1.25403334498246
0.059777671014134 1.50639730955618 1.29119769390529 1.50639730955618 -2.63978195198416 1.93679654085794 1.29119769390529 1.93679654085794 5.14566192089666
-16.159959789229 0 -0.00213276491873156 0 9.82564798059631 0 -0.00213276491873156 0 0.0426552983746312
-1.97862061982443 1.48156422625203 1.23183541015769 1.48156422625203 -3.34492539249446 1.88737355240535 1.23183541015769 1.88737355240535 4.42548276982577
9.6457434964648 -0.818890681638306 0.837449110683933 -0.818890681638306 9.51583449314541 1.91847760259172 0.837449110683933 1.91847760259172 4.76951626472622
7.0061657626776 -0.637582820181622 -1.50701393861111 -0.637582820181622 5.54986863930821 -2.18565322827412 -1.50701393861111 -2.18565322827412 4.59590949547586
5.06397768539384 -0.61359499732023 -1.4478901715422 -0.61359499732023 4.77294448508385 -2.14151929894768 -1.4478901715422 -2.14151929894768 3.84891407409963
3.75707878183619 0.670310563616488 -2.20176743849829 0.670310563616488 8.78082983869144 0.305337196238116 -2.20176743849829 0.305337196238116 0.438922219592291
-18.2992501666992 0 -0.00214327127743021 0 8.89671907261281 0 -0.00214327127743021 0 -0.497238936363809
-0.185467922602612 1.66198528046497 1.36571833916469 1.66198528046497 6.62626305298425 0.48173486390289 1.36571833916469 0.48173486390289 -0.291449592661248
0.0342044381164228 2.82430931875605 5.73901608110551 2.82430931875605 -2.81453662215136 0.510623397595169 5.73901608110551 0.510623397595169 -5.33589234616195
-4.60821982394118 0 0 0 -22.6950445892008 0 0 0 -10.6116088626402
-6.40841542419489 -6.16072373292248 4.46087879281774 -6.16072373292248 -0.587660679293355 -1.89654128317401 4.46087879281774 -1.89654128317401 -3.30498423354651
-8.37083231956355 -6.06415962095967 4.40852456561926 -6.06415962095967 -1.28500688389455 -1.89459269219367 4.40852456561926 -1.89459269219367 -3.97937615657667
-28.6684884864677 0.00215325886183474 0 0.00215325886183474 2.57960411647802 0 0 0 2.11234694345988
-8.69902968353967 0 0 0 -20.8140774448339 0 0 0 -12.0097742482062
-12.8498145648098 0 0 0 12.3554284075974 0 0 0 7.47706243749783
-15.0695329323945 0 0 0 11.4157338091695 0 0 0 6.84052340210975
20.5798604121528 0 0 0 -6.84875240371775 0 0 0 10.3224833070447