-5.45962847031952 -0.164611913677975 -0.274353189463292 -0.164611913677975 -3.80928851524033 0.358769555451998 -0.274353189463292 0.358769555451998 -3.24791968141544
-0.357594436944115 -1.42201296562572 -0.0146383687637942 -1.42201296562572 -1.22753178062102 -0.142201296562572 -0.0146383687637942 -0.142201296562572 0.621085074692409
0.691178501872694 0.503425535692351 -0.179500088546043 0.503425535692351 -2.02608145922085 -1.2647534974566 -0.179500088546043 -1.2647534974566 0.478666902789448
0.9501891004625 0.0807350216079249 0.407815365557979 0.0807350216079249 -5.73425666292184 -0.204942747158578 0.407815365557979 -0.204942747158578 -1.56708747069741
1.41348483512961 -1.5878353874804 0.753443458373051 -1.5878353874804 -1.87011723414358 0.267752633967283 0.753443458373051 0.267752633967283 0.230391801320685
1.17332956653764 -0.822156985003485 -0.483378729876421 -0.822156985003485 0.340843976194912 1.84468891358822 -0.483378729876421 1.84468891358822 1.13821230838422
0.73074867826707 0.0309639270452148 0.555286425010852 0.0309639270452148 -0.311703532255163 0.249775678164733 0.555286425010852 0.249775678164733 -0.218811751119518
0.921479691210833 -0.381517609709463 -0.402365566524187 -0.381517609709463 -0.454485458560999 -0.256429868821114 -0.402365566524187 -0.256429868821114 -0.777628789189233
-0.307936775755504 -0.812785503354662 -0.377065439700617 -0.812785503354662 1.03274034318002 0.475521415622444 -0.377065439700617 0.475521415622444 -2.61641518992261
-0.349777402518942 -0.578798320834916 0.306055227204074 -0.578798320834916 -1.42825772695235 0.0416401669665407 0.306055227204074 0.0416401669665407 -1.35955145145755
-4.80253338808425 0.523339524565855 0.14922532628183 0.523339524565855 -3.72012433125126 -1.59944328592215 0.14922532628183 -1.59944328592215 -3.4216736786876
1.29011349976378 -0.990807167818586 -0.383937777529702 -0.990807167818586 0.233252520757292 -0.0144492711973544 -0.383937777529702 -0.0144492711973544 0.776132281457892
-1.28163323003346 -0.316247160657607 -0.905049440039863 -0.316247160657607 -3.86778599777955 -0.183090461433352 -0.905049440039863 -0.183090461433352 -3.06468465558326
1.12941837080138 1.07336267960352 -0.88235810218858 1.07336267960352 -0.884434238899612 -0.479587580248381 -0.88235810218858 -0.479587580248381 -0.653983063975065
-0.124549313358699 -0.606139991679 -0.29061506450363 -0.606139991679 5.34939300875611 -0.738992592594945 -0.29061506450363 -0.738992592594945 0.807494714942229
0.285758811142428 -0.227778762504834 0.561164042170999 -0.227778762504834 0.490759697396778 -1.57788560935167 0.561164042170999 -1.57788560935167 3.00875038108657
-2.28606604318764 -0.950434050922334 0.221907509686712 -0.950434050922334 -0.877162703384269 -0.424973815720779 0.221907509686712 -0.424973815720779 -3.6677543110483
-1.38288332661707 -0.643827417032798 -0.701792586411956 -0.643827417032798 2.62292391440693 1.59818252716823 -0.701792586411956 1.59818252716823 1.30421631103107
-1.80364185002093 -0.0457144247701158 -0.309611331397603 -0.0457144247701158 3.86494682147343 1.02649662892896 -0.309611331397603 1.02649662892896 -1.18026333042845
3.10266888885063 0.470977700837513 0.295393908858616 0.470977700837513 6.00703137734863 0.373890192331535 0.295393908858616 0.373890192331535 2.24334115398921
-0.0330634368972063 -0.549679638416054 -0.440157003694059 -0.549679638416054 -0.239709917504746 1.74616276113371 -0.440157003694059 1.74616276113371 1.00430189575264
0.901488677121508 0.821035454220504 -0.583801591820107 0.821035454220504 0.953061255904203 -1.12221931431144 -0.583801591820107 -1.12221931431144 -0.061887094539234
-0.66762523064773 0.254532119184447 0.100143784597159 0.254532119184447 -3.80337748584628 0.369280205702025 0.100143784597159 0.369280205702025 -3.40280234745765
-1.94773486842032 0.586616825322733 -0.876793831443231 0.586616825322733 -2.54687731990653 -0.139869492158801 -0.876793831443231 -0.139869492158801 -2.72432369055575
-0.516740532380636 1.22157461854782 -0.231499758506525 1.22157461854782 2.81933634466875 -0.13848646267801 -0.231499758506525 -0.13848646267801 2.93922014818106
1.72288620272195 0.138575480891201 1.02380392598723 0.138575480891201 -4.50473727434383 -1.54087661587978 1.02380392598723 -1.54087661587978 -0.252331472667561
1.15063102286407 -0.416895298139155 -0.368952338853152 -0.416895298139155 -0.237630319939318 -0.460669304443766 -0.368952338853152 -0.460669304443766 -0.608667135283166
-2.59222557693185 -0.128140810529046 0.630200707519898 -0.128140810529046 1.4410589511955 -0.424335143063398 0.630200707519898 -0.424335143063398 -0.817160250750802
-2.69737968304774 0.582767215473277 -0.0770085249018259 0.582767215473277 1.50062557984369 1.18218492281722 -0.0770085249018259 1.18218492281722 -2.60372066627525
-0.811055172401128 -0.313690550139876 -0.299244274804487 -0.313690550139876 0.268287970514368 -0.982346722806455 -0.299244274804487 -0.982346722806455 -1.93992840218081
2.82601721690283 0.319965426311132 0.161014859692053 0.319965426311132 -0.00412858614595008 0.881453142160343 0.161014859692053 0.881453142160343 2.75376695934871
0.26966584057647 -0.837816771867353 -0.469342073675077 -0.837816771867353 -2.035874170459 -0.677252378241669 -0.469342073675077 -0.677252378241669 -0.584619074226851
0.924098510600362 0.980041693977514 0.269356068112213 0.980041693977514 5.36640166469717 0.953106087166292 0.269356068112213 0.953106087166292 1.35921215908932
2.7999283020745 0.0599246647676461 0.117782961784684 0.0599246647676461 3.2379982652035 1.10963948207676 0.117782961784684 1.10963948207676 1.09930764332371
0.503488165054618 0.538711616930867 -0.246564163133743 0.538711616930867 0.261067937435728 -0.124318065445585 -0.246564163133743 -0.124318065445585 3.13903115250101
0.611958001241108 -1.26747911443497 0.8650389373476 -1.26747911443497 -2.19475106885794 1.24880920931236 0.8650389373476 1.24880920931236 -0.402440177087372
-1.072095014807 0.669020532495839 -0.184915613019036 0.669020532495839 -1.34011876850875 1.44815935139627 -0.184915613019036 1.44815935139627 -1.93226427087308
1.06353516608498 0.402697781333148 -0.229227967835792 0.402697781333148 -0.408893131815196 -0.600948996758698 -0.229227967835792 -0.600948996758698 2.93246589483626
1.8637078941453 -0.508094666113355 0.403976906663897 -0.508094666113355 -3.10270923159385 -1.47222511861534 0.403976906663897 -1.47222511861534 -1.53469577428501
2.0966243379102 0.243505582552562 0.297159354979398 0.243505582552562 -1.41563414941574 0.111434758117274 0.297159354979398 0.111434758117274 2.15646893023244
0.196974144050623 0.700813270411691 -0.284057449841425 0.700813270411691 -4.24842127536555 -0.740208099221816 -0.284057449841425 -0.740208099221816 -1.12586273915251
1.40879565941548 -0.220704444447227 0.752870301151757 -0.220704444447227 4.80805663557464 0.563105732094328 0.752870301151757 0.563105732094328 3.1434913396035
0.729188504708457 -0.387381393126368 0.84105265031714 -0.387381393126368 -2.75517247517684 1.36308532982433 0.84105265031714 1.36308532982433 -1.08549652405463
0.418282972863113 0.405734483677219 0.236329879667659 0.405734483677219 -0.177770263466823 1.48281313879973 0.236329879667659 1.48281313879973 -0.675527001173927
1.50595899445545 0.161352749405941 1.00328312130617 0.161352749405941 -4.81782760726201 -1.48113549454684 1.00328312130617 -1.48113549454684 -0.450960248339682
-1.81457519368142 0.369172194576564 -0.869744661799025 0.369172194576564 -3.21200666467745 -0.298257761720049 -0.869744661799025 -0.298257761720049 -2.55083386422112
6.18773346564614 0.426320219089793 -0.505493974063612 0.426320219089793 2.31836995333592 0.562336669942251 -0.505493974063612 0.562336669942251 6.0395364371054
-0.00829420141792148 0.0580594099254503 -0.649021260952355 0.0580594099254503 -3.26791535866106 0.862596947463834 -0.649021260952355 0.862596947463834 -1.48051495309898
-0.156810898585295 -0.387900643868888 -0.35076122051974 -0.387900643868888 1.46081731839986 -1.16163863030949 -0.35076122051974 -1.16163863030949 -1.40510818337613
2.65743368797508 0.0185979029485037 0.00619930098283456 0.0185979029485037 -1.09314340663983 -1.23986019656691 0.00619930098283456 -1.23986019656691 1.84532525922376
-5.39590511237349 0.273690075929986 0.132634421412224 0.273690075929986 -4.21693247759817 -1.93267299772098 0.132634421412224 -1.93267299772098 -3.34533485117498
-0.176429814809591 -0.63722297819464 -0.261531254894217 -0.63722297819464 5.64575407390691 -1.52767463176305 -0.261531254894217 -1.52767463176305 1.43427061215797
3.50671629960162 -0.496526201713503 0.184128466468758 -0.496526201713503 0.899953740605725 -0.0558591976927691 0.184128466468758 -0.0558591976927691 1.55991981704992
-2.33792682334215 -0.561941155745018 0.0272583396443479 -0.561941155745018 -2.26034539512362 -1.72775937438021 0.0272583396443479 -1.72775937438021 -4.56891708346416
-1.9501232843105 0.500510874886934 1.14224473521914 0.500510874886934 2.6333933168325 -1.3270807014637 1.14224473521914 -1.3270807014637 -0.29075320532851
0.882380358224236 0.364551509501093 0.42669097134787 0.364551509501093 -0.611038041493309 -2.0361030331794 0.42669097134787 -2.0361030331794 1.75854677026379
1.43706665389384 0.92560344998638 0.308534483328793 0.92560344998638 5.61988313929091 0.92560344998638 0.308534483328793 0.92560344998638 1.67105589292843
0.17585616762983 -0.475230357761565 0.504539719033204 -0.475230357761565 -3.94210909103536 0.494072090007619 0.504539719033204 0.494072090007619 0.418705161023406
2.59514889109035 0.863685198769816 -0.40932947808996 0.863685198769816 -1.67825086016884 -0.859591903988916 -0.40932947808996 -0.859591903988916 -0.124845490817438
-3.14530035819881 0.350399314789452 1.2668282919311 0.350399314789452 2.05678177675229 0.284051515539378 1.2668282919311 0.284051515539378 0.549442712539674
-0.986156574367609 1.35829113073274 0.0248089704243424 1.35829113073274 1.02543744420615 -0.603684946992331 0.0248089704243424 -0.603684946992331 2.38579598914092
-0.707024740776944 -0.143484432687086 0.139325463623692 -0.143484432687086 5.2215856590909 -0.328558556008109 0.139325463623692 -0.328558556008109 -0.114371649243329
3.06701853478949 0.487418433811664 -0.107397282026299 0.487418433811664 1.02647017628982 1.2371340756491 -0.107397282026299 1.2371340756491 2.84602797369692
-1.06116209663019 0.687367228932667 -0.215970368003013 0.687367228932667 1.25844272124833 -1.50556266155947 -0.215970368003013 -1.50556266155947 0.17028432861776
-5.48167077398412 0.124296147450063 0.0610947165432512 0.124296147450063 -4.05542514985374 -1.92132349956707 0.0610947165432512 -1.92132349956707 -2.66499366990389
0.808780952160552 0.457137059916834 -0.244082231086816 0.457137059916834 -0.0330958957405853 -0.351643892243718 -0.244082231086816 -0.351643892243718 3.18134297806376
-5.1605459581426 0.395508618072078 0.151471385644626 0.395508618072078 -4.06658595070919 -1.80924155075525 0.151471385644626 -1.80924155075525 -3.51119087001223
2.03402254295334 0.576751094419665 -0.248351894750105 0.576751094419665 -1.65841595833128 -1.11860977387444 -0.248351894750105 -1.11860977387444 0.578803589417599
3.02305106011443 0.421244819852011 -0.00619477676252958 0.421244819852011 0.712399327690901 1.15016355224299 -0.00619477676252958 1.15016355224299 2.85785701311364
0.422759006221045 -0.808397709456828 -0.367078551743151 -0.808397709456828 -0.171165841543155 -0.581551413435779 -0.367078551743151 -0.581551413435779 0.187663753981049
-0.977617861455191 0.157747255776209 -0.0456636793036395 0.157747255776209 2.45753619525042 -0.886290502847912 -0.0456636793036395 -0.886290502847912 0.647593997397069
4.35679489176079 -0.853833984867994 -0.00203778994001908 -0.853833984867994 -0.148758665621393 -1.30010998173217 -0.00203778994001908 -1.30010998173217 2.88347276512699
-0.383403204256768 -0.743760314268593 -0.44206598960753 -0.743760314268593 1.05173993736009 0.255602136171178 -0.44206598960753 0.255602136171178 -2.74877051357857
-0.788750928826436 0.00417328533770601 -0.434021675121425 0.00417328533770601 -1.92805782602018 0.941075843652705 -0.434021675121425 0.941075843652705 -2.18262823162024
-0.15217974649902 -0.441946661065646 -0.0646242759105426 -0.441946661065646 2.42653732773779 -1.58433708683911 -0.0646242759105426 -1.58433708683911 0.904739862747597
-0.890938576476824 0.301133085289369 0.105915774825916 0.301133085289369 -0.789176361448003 1.57419916309891 0.105915774825916 1.57419916309891 -1.07161842765045
-1.82332699077917 0.689230133971507 -0.789481789821908 0.689230133971507 -1.94028725593797 0.0793658942149008 -0.789481789821908 0.0793658942149008 -2.64622599921788
-2.01781665050495 0.101408221409993 0.113825554643869 0.101408221409993 4.37297085386355 1.71980065289191 0.113825554643869 1.71980065289191 2.22891131548086
-0.982466036493547 -0.239424496288343 -0.198144410721388 -0.239424496288343 -0.309600641752168 -0.778129612937116 -0.198144410721388 -0.778129612937116 -2.02478819705918
1.54586702068047 -0.391675202005294 -0.216671388343354 -0.391675202005294 0.441676291622992 -1.07085666931235 -0.216671388343354 -1.07085666931235 -0.304173295174324
2.0000132462924 -0.630055986396778 -0.373059465629671 -0.630055986396778 -0.315027993198389 -0.414510517366301 -0.373059465629671 -0.414510517366301 0.138861023317711
2.41126921610614 -1.64074304971908 0.656297219887632 -1.64074304971908 -1.77989467545475 -0.834909754414012 0.656297219887632 -0.834909754414012 0.59191363186068
-2.66143486095238 0.726036082351003 0.263632698490566 0.726036082351003 2.00863008373764 0.573296503066786 0.263632698490566 0.573296503066786 -2.10906158792453
2.89263374139481 -1.1728579655979 0.534440597799041 -1.1728579655979 -2.2854094045959 -1.7821618377968 0.534440597799041 -1.7821618377968 -0.0561474557998993
1.22350124321574 -0.134564434533034 0.658330618177 -0.134564434533034 -2.61055002994087 0.736999056827081 0.658330618177 0.736999056827081 -0.823948383756119
1.03300782355293 -0.129125977944117 -0.0978858219898948 -0.129125977944117 0.778921221791929 -1.13505899967006 -0.0978858219898948 -1.13505899967006 -0.643547212656968
0.868190916058585 -0.962604112603963 -0.293501893608458 -0.962604112603963 -2.31517577615623 -1.26021092780135 -0.293501893608458 -1.26021092780135 -0.816879396196966
-0.253004865841568 0.481124007174128 -0.474902576046877 0.481124007174128 -4.07918500910134 0.00829524150300221 -0.474902576046877 0.00829524150300221 -1.5097339535464
-1.24262876498965 0.286760484228382 0.640016153205373 0.286760484228382 3.94815159444873 -1.1221062426328 0.640016153205373 -1.1221062426328 -0.18909568162886
3.09439728874865 1.08865594383038 -0.575986822064106 1.08865594383038 -1.31128914810339 -0.484074031309195 -0.575986822064106 -0.484074031309195 -0.0551476744529463
1.31989644128254 0.423284324771493 0.329452824206384 0.423284324771493 -1.64517897657492 0.821546916058957 0.329452824206384 0.821546916058957 -0.141789823076165
-2.08149869415446 -0.101789856300966 -0.452860993338994 -0.101789856300966 4.80905137421913 -1.44998611628724 -0.452860993338994 -1.44998611628724 0.868329794567428
1.04177233229541 0.823103288288851 -0.571427596130355 0.823103288288851 1.43578919460912 -0.96338154293457 -0.571427596130355 -0.96338154293457 0.00206291550949587
-2.6694585091152 -0.0727089866295969 0.7395542640039 -0.0727089866295969 1.35861935016447 -0.94521682618476 0.7395542640039 -0.94521682618476 -0.598291089980683
2.22494176485989 -0.686352026252211 0.196989252247613 -0.686352026252211 1.62360615273559 1.32086477559715 0.196989252247613 1.32086477559715 0.0829428430516267
-0.213298446477993 -0.0062125761110095 0.538423262954156 -0.0062125761110095 0.354116838327541 -1.88033970293221 0.538423262954156 -1.88033970293221 3.02138284865429
2.15904163479353 -0.223563275702494 -0.385025641487628 -0.223563275702494 -4.59339730355401 1.23787813768603 -0.385025641487628 1.23787813768603 -1.69949490140507
-2.13051912784471 0.521208870457137 1.24384108925827 0.521208870457137 2.36932000474738 -1.27914208845257 1.24384108925827 -1.27914208845257 -0.294867169740691
-2.77054604677951 0.514678216929827 1.4817751890641 0.514678216929827 1.73288835135648 -0.776167956176433 1.4817751890641 -0.776167956176433 -0.136970815795841
2.48843351178677 -0.869402911586912 -0.249875896204314 -0.869402911586912 0.495621612306078 1.35056889353406 -0.249875896204314 1.35056889353406 1.27622565168815
-1.90065776298713 0.0687738006344026 -0.633552587662375 0.0687738006344026 -5.07258881042836 0.393886312724306 -0.633552587662375 0.393886312724306 -3.7075330705637
0.635152948425797 -0.595715347052953 -0.701574171790586 -0.595715347052953 -1.61486599305644 -0.485705195855021 -0.701574171790586 -0.485705195855021 -1.17274972503456
0.653169662079743 -0.930458669566426 -0.343016772224267 -0.930458669566426 -2.31690370699984 -1.13380394172333 -0.343016772224267 -1.13380394172333 -0.860622919532743
0.633984527806187 0.145029140347821 0.511745680941595 0.145029140347821 -0.244477693729183 -1.88537882452167 0.511745680941595 -1.88537882452167 1.90402542828067
0.270685361195354 -0.283083163998195 0.7624648723747 -0.283083163998195 3.7193408408522 -0.0351271079413818 0.7624648723747 -0.0351271079413818 2.60560488906368
-0.518471551710212 0.312332260066393 -0.0374798712079671 0.312332260066393 0.899516908991211 -0.389374217549436 -0.0374798712079671 -0.389374217549436 -1.62829218247946
2.67914714499871 0.284839989221743 0.222918252434407 0.284839989221743 -0.379786652295657 0.707971857268534 0.222918252434407 0.707971857268534 2.64612221871213
1.60577545284326 -0.0165543861117862 0.496631583353585 -0.0165543861117862 -2.37348510877734 0.22762280903706 0.496631583353585 0.22762280903706 -0.43662193369836
0.892181323920614 0.11799149759507 0.53406677858821 0.11799149759507 -5.76088311942244 -0.451265727644301 0.53406677858821 -0.451265727644301 -1.45729849661279
1.15094623355523 0.931521232193978 0.213214859813288 0.931521232193978 -1.86304246438796 -1.42005236730015 0.213214859813288 -1.42005236730015 0.774197646312328
-0.167440426053682 -1.01301457762477 0.175812447356366 -1.01301457762477 -0.521158326092084 0.979526492414038 0.175812447356366 0.979526492414038 -2.34207295942587
3.18053328443625 -0.528712026503689 0.344901986039516 -0.528712026503689 -0.59893159252371 0.00826112541412014 0.344901986039516 0.00826112541412014 1.1896020596333
-1.1369489957296 -0.269714177819065 -0.199173546697156 -0.269714177819065 2.95440760934114 1.02283915126769 -0.199173546697156 1.02283915126769 -0.319507564493354
0.0473486643202427 -0.20792239549324 -0.0288209261079738 -0.20792239549324 1.20636162137662 -0.529069857839234 -0.0288209261079738 -0.529069857839234 -0.774047729757011
0.576940976980707 0.758915191942364 0.254350323185043 0.758915191942364 -2.19816580118456 1.11045628902738 0.254350323185043 1.11045628902738 0.612095086689209
1.07086704326225 0.361082336360104 0.0742797949083642 0.361082336360104 -2.26553374470511 -0.860407624355219 0.0742797949083642 -0.860407624355219 1.07499369853494
-0.73070029009376 0.0311377964528591 0.317605523819163 0.0311377964528591 -0.300998699044305 1.15832602804636 0.317605523819163 1.15832602804636 -0.211737015879442
0.979617635112105 0.474275768373514 0.381077473278282 0.474275768373514 -0.816002850389365 -2.04207819919775 0.381077473278282 -2.04207819919775 1.63821892045174
-5.33886870894977 -0.38812795039382 -0.314299264177604 -0.38812795039382 -4.13862521017758 0.0991413786332039 -0.314299264177604 0.0991413786332039 -3.63026197080306
2.70663742854685 -0.0185952189747494 -0.0268597607413047 -0.0185952189747494 -0.921496406970914 -1.32852508897376 -0.0268597607413047 -1.32852508897376 2.18183902637059
-1.52475240793378 -0.28005656472253 -0.398302669827599 -0.28005656472253 2.75285230656887 1.78406404193612 -0.398302669827599 1.78406404193612 -1.27581323929153
0.346096488115725 -0.0414486812114641 0.576136668839351 -0.0414486812114641 0.0331589449691713 -1.55847041355105 0.576136668839351 -1.55847041355105 1.88591499512162
4.21528692674829 1.32364082240888 -0.81047545741344 1.32364082240888 -0.018327334464123 0.274910016961845 -0.81047545741344 0.274910016961845 1.29716800596071
-1.69597423706209 -0.316830351978633 -0.811748352781856 -0.316830351978633 1.46611692288152 1.25903826145757 -0.811748352781856 1.25903826145757 0.822102285853053
0.327431295956656 0.490104169107097 0.237752660758336 0.490104169107097 -3.17420657608937 1.00732048373927 0.237752660758336 1.00732048373927 -1.48908245422326
-2.87431269450215 0.645936452800847 0.370002434128641 0.645936452800847 1.67232738589216 0.225764197095442 0.370002434128641 0.225764197095442 -2.45832125726148
2.06318015703503 -0.254025184499809 -0.0413049080487494 -0.254025184499809 -0.206524540243747 -0.819902424767675 -0.0413049080487494 -0.819902424767675 3.3126536255097
2.588535341022 0.94768120398727 -0.736625564671328 0.94768120398727 1.57257143019722 0.90009022649446 -0.736625564671328 0.90009022649446 1.82087218233362
2.39961526418998 -0.778366096103254 0.459943602242832 -0.778366096103254 -2.76382399899765 -1.71698403552188 0.459943602242832 -1.71698403552188 -0.894912891241709
-0.478389050214257 0.0994055169276378 0.499098532907515 0.0994055169276378 0.271294223281678 -1.96325895932085 0.499098532907515 -1.96325895932085 2.96766886994385
1.75909371764065 -1.03620654380229 -0.143348731356048 -1.03620654380229 -2.01302575604279 -1.53997494256783 -0.143348731356048 -1.53997494256783 -0.264171233499003
-1.8182034235061 0.5239598843858 -0.219186405818761 0.5239598843858 0.302685988987813 -0.905970477384212 -0.219186405818761 -0.905970477384212 -1.13350684151988
-2.08290547014328 -0.168043170400006 0.75930617736299 -0.168043170400006 1.7779382349729 -0.863036529461759 0.75930617736299 -0.863036529461759 0.280071950666677
-2.44281641611132 0.760499450298807 0.0858966321274135 0.760499450298807 2.37368010244779 0.988858789369247 0.0858966321274135 0.988858789369247 -1.32197011883897
-4.25413198789325 0.373502659651342 0.350290629955496 0.373502659651342 -0.913709896209216 1.18803388352376 0.350290629955496 1.18803388352376 0.0400935058382797
-1.07475032730174 -0.242752487054641 -0.153535761043106 -0.242752487054641 2.96490003419728 0.755229959725549 -0.153535761043106 0.755229959725549 -0.097515956338189
-2.05943080929021 -0.670463782740525 0.227665272020926 -0.670463782740525 -4.73710859581156 -1.05477947128961 0.227665272020926 -1.05477947128961 -1.74821864845427
4.021074001681 -0.923705133246194 0.00611725253805426 -0.923705133246194 -0.45879394035407 -1.41920258882859 0.00611725253805426 -1.41920258882859 2.35310314297154
-1.11133506592484 0.949308645098412 -0.361443554151255 0.949308645098412 0.367675339567656 -1.35229743535901 -0.361443554151255 -1.35229743535901 -0.506851880533944
-1.02707782627507 -0.205415565255014 -0.114119758475008 -0.205415565255014 2.95466429215293 0.47100336679685 -0.114119758475008 0.47100336679685 0.107895044376371
-3.67849175458397 0.364310162451723 -0.976351235370617 0.364310162451723 2.87492762483331 1.08668517028457 -0.976351235370617 1.08668517028457 -1.16371074748865
-0.0787897050557187 -0.207341329093996 0.60336326766353 -0.207341329093996 0.242589355039976 -0.808631183466586 0.60336326766353 -0.808631183466586 1.55920679478685
1.37604536708267 0.788079955360687 -0.497191804298234 0.788079955360687 2.34567253729084 -0.5673350463984 -0.497191804298234 -0.5673350463984 0.198051507106351
2.95559331981484 -0.34357737471237 -0.64989937144388 -0.34357737471237 -3.70897985231667 1.64751560404245 -0.64989937144388 1.64751560404245 -1.42605307937845
0.0688305906279768 -0.212749098304656 -0.460956379660087 -0.212749098304656 -1.17012004067561 0.390040013558535 -0.460956379660087 0.390040013558535 -1.43292775034606
-1.38720412640289 -0.29903801527248 -0.365490907555253 -0.29903801527248 5.19578551535933 -1.67793553014002 -0.365490907555253 -1.67793553014002 1.22107189569596
-4.22843519450262 0.683151338242271 -0.271589217038212 0.683151338242271 1.2472212505524 -0.112813982462026 -0.271589217038212 -0.112813982462026 -3.28414037833899
0.655663920108551 0.903864773146489 0.252337533921903 0.903864773146489 -2.42823167888782 0.823199495909159 0.252337533921903 0.823199495909159 0.314387747181387
1.06027278562571 0.58397837020791 0.337547781361309 0.58397837020791 -1.02713926107491 -2.00043654475475 0.337547781361309 -2.00043654475475 1.49100860478615
0.235340716563276 -0.763825132705369 -0.534677592893758 -0.763825132705369 -1.13748013005583 0.00206439225055505 -0.534677592893758 0.00206439225055505 0.555321515399309
0.209118698681738 0.495611315875719 0.138018341129947 0.495611315875719 -0.077373918512243 1.41782477706218 0.138018341129947 1.41782477706218 -0.909666339265559
0.905673547573963 1.02407582328891 -0.820506998375494 1.02407582328891 -1.35435585554638 -0.625247105091199 -0.820506998375494 -0.625247105091199 -1.00330349421611
-0.975318148894062 -0.0933815248941124 -0.0560289149364674 -0.0933815248941124 2.8470989367716 -0.109982684875288 -0.0560289149364674 -0.109982684875288 0.433705304508211
-2.67525556193661 0.00414768304176218 -0.55164184455437 0.00414768304176218 2.46372372680674 0.94981941656354 -0.55164184455437 0.94981941656354 -1.98881401852497
5.82730415061116 -0.164578673709729 -0.243820257347747 -0.164578673709729 1.64578673709729 -0.178801522055015 -0.243820257347747 -0.178801522055015 5.60786591899819
-4.74716490002349 0.308175222500413 0.143533665274165 0.308175222500413 -1.7519550320229 1.05750538679936 0.143533665274165 1.05750538679936 -0.878088305206656
-1.03706435709338 -0.314451240805423 -0.691376238062255 -0.314451240805423 2.99665785111923 0.212410771934789 -0.691376238062255 0.212410771934789 0.0208245854838029
2.50553722347763 0.260047520723378 0.266239128359649 0.260047520723378 -0.745056785564599 0.518031172234666 0.266239128359649 0.518031172234666 2.50760109268972
1.51361817050426 0.250184821570953 0.200147857256762 0.250184821570953 -0.729705729581946 0.469096540445536 0.200147857256762 0.469096540445536 0.47535116098481
-0.502777815156096 0.0938796750291465 0.229483650071247 0.0938796750291465 -4.11818841127856 -0.686364735213093 0.229483650071247 -0.686364735213093 -2.93947693591261
-1.9125541105886 -0.213658431009356 -0.51651407108087 -0.213658431009356 2.54938069621843 1.88973621989828 -0.51651407108087 1.88973621989828 -1.85654656071237
-1.19534858675177 -1.17240123168323 -0.22947355068533 -1.17240123168323 3.98240916598451 1.22872655776054 -0.22947355068533 1.22872655776054 -1.23915717370078
2.74822944951064 -0.126141457050526 0.188178239206522 -0.126141457050526 2.49181074993252 1.16835939727127 0.188178239206522 1.16835939727127 1.03601426200514
1.87573950948018 0.249685897301542 0.284765734112502 0.249685897301542 -1.69208624617574 -0.0990489509956529 0.284765734112502 -0.0990489509956529 1.95208974253933
0.570017579924482 -0.42699498714343 -0.673657139910751 -0.42699498714343 -2.01268025493335 1.43229871901024 -0.673657139910751 1.43229871901024 -0.90788254547972
-3.65386870186441 -1.0770182932381 -0.195630275920201 -1.0770182932381 -3.72959655060771 -0.47750615735361 -0.195630275920201 -0.47750615735361 -3.03752815514807
-0.964793289536434 -0.262937226976668 0.770178334136381 -0.262937226976668 2.64593524469434 -0.544507800746957 0.770178334136381 -0.544507800746957 1.57762336186001
1.07736390457259 -0.774873269827206 -0.45166409845543 -0.774873269827206 -0.737579903899694 1.37778268565533 -0.45166409845543 1.37778268565533 0.157460878360609
-3.00195015802842 0.464711012714835 1.4667441338812 0.464711012714835 1.70739805117995 -0.38587610877214 1.4667441338812 -0.38587610877214 0.0705364930013589
-1.30845066142161 -0.371147062614784 -0.509540882572839 -0.371147062614784 -0.469700237433399 -1.45942573773949 -0.509540882572839 -1.45942573773949 -3.91067385184504
2.41653045396879 -0.729518627613219 0.147147223183348 -0.729518627613219 1.78234664700957 1.38028240338183 0.147147223183348 1.38028240338183 0.273569485354957
-1.47006596053308 0.281501992442505 -0.310694791658765 0.281501992442505 -4.93358306754791 0.725649580518458 -0.310694791658765 0.725649580518458 -3.32380871076558
-1.64918626585666 -0.263454912910436 -0.44393190049475 -0.263454912910436 2.68433588430003 1.86700331983773 -0.44393190049475 1.86700331983773 -1.49360265587019
-1.05982436140663 0.0563292475550771 -0.102227152970325 0.0563292475550771 1.32686672018626 -1.41240372573286 -0.102227152970325 -1.41240372573286 -0.045897905415248
-1.23872877711136 0.335749719048703 -0.206454796185227 0.335749719048703 -4.76305812613191 0.809135968887557 -0.206454796185227 0.809135968887557 -3.10516355070508
-3.30066521053058 0.323185791302741 0.590074702830166 0.323185791302741 1.03627960179008 -0.577564285102318 0.590074702830166 -0.577564285102318 -2.42493596958121
-0.220854996762664 0.464628908283718 -0.141680563960954 0.464628908283718 -3.65869221052111 -0.90217182639843 -0.141680563960954 -0.90217182639843 -2.57941967917149
-1.82186654711171 0.143831569508819 -0.53363596803272 0.143831569508819 -5.10080942881276 0.510706297531314 -0.53363596803272 0.510706297531314 -3.64164857872329
-0.961432320133878 0.383738713459075 -0.102191287823341 0.383738713459075 -4.52978524800604 0.880096397172443 -0.102191287823341 0.880096397172443 -2.83841515770544
-1.19493738246165 1.01829446505427 -0.446802673442181 1.01829446505427 -1.38612736365551 0.417708545869202 -0.446802673442181 0.417708545869202 -2.12802761676648
1.17254991622706 -1.52742785547455 0.782391714013457 -1.52742785547455 -1.93418853437809 0.543731111595559 0.782391714013457 0.543731111595559 0.0830123834497036
0.883840320733758 0.144891855857993 0.64787358405074 0.144891855857993 -5.73150784101118 -0.685131489842796 0.64787358405074 -0.685131489842796 -1.32472553927308
-1.44257835465477 -0.734898407088278 0.301496782395191 -0.734898407088278 -6.31887006436588 -0.873084432352741 0.301496782395191 -0.873084432352741 -0.422932986415476
-3.93894740446833 0.401381652092074 -0.752850559882543 0.401381652092074 3.55212363613089 -0.17053520969715 -0.752850559882543 -0.17053520969715 -0.472091373186014
-0.263588170815481 -0.914190719415596 0.437221648416154 -0.914190719415596 -1.80746174273472 0.728005424157042 0.437221648416154 0.728005424157042 -2.52500731884353
5.85879302889401 1.04585040203827 -0.781849329679097 1.04585040203827 2.03280825716565 0.917911420818056 -0.781849329679097 0.917911420818056 4.63423420864337
-3.4778243976733 0.888221338974116 -0.248118167459906 0.888221338974116 2.04332608496393 0.250203194077216 -0.248118167459906 0.250203194077216 -2.49994691415485
0.876085543988984 -0.292028514662995 0.789098326855326 -0.292028514662995 -2.73802621549276 1.18261192817425 0.789098326855326 1.18261192817425 -1.03556210873402
0.17700161818514 0.141601294548112 -0.0520592994662178 0.141601294548112 0.864184371139215 -0.778807120014618 -0.0520592994662178 -0.778807120014618 -1.20361100365895
1.29816270597025 -0.594039254251987 0.292865506466889 -0.594039254251987 0.666736365786321 0.911829484673504 0.292865506466889 0.911829484673504 -0.558729228649596
-1.5314952323888 0.745898769389907 -0.639341802334206 0.745898769389907 -1.29330907073488 0.373994060842559 -0.639341802334206 0.373994060842559 -2.4236486624434
1.0665229271332 -0.371415571900474 -0.0103747366452646 -0.371415571900474 -1.20969429283786 0.547786094869972 -0.0103747366452646 0.547786094869972 -0.118271997756017
-3.0692952722307 0.261128429642855 1.02793413573695 0.261128429642855 2.51802414298467 0.739863883988089 1.02793413573695 0.739863883988089 0.947108669418927
1.56800059580547 0.748926600364983 -0.441515957239962 0.748926600364983 2.75019051869565 -0.342484340662775 -0.441515957239962 -0.342484340662775 0.32185275387586
1.44644596420515 0.290939915767369 0.208403769450385 0.290939915767369 -2.09848152010932 -0.501407088875679 0.208403769450385 -0.501407088875679 1.51660168857458
-0.74371212919399 -0.589553312498317 0.295818269875481 -0.589553312498317 -2.01864720781226 -0.183323998232692 0.295818269875481 -0.183323998232692 -1.51033975816707
1.02854636499262 1.0492414628798 0.196603429928167 1.0492414628798 -2.33233753188467 -0.670521171544485 0.196603429928167 -0.670521171544485 0.326982546617372
1.76621118150322 0.695342486175916 -0.375526209151385 0.695342486175916 3.09705956008917 -0.111419864253708 -0.375526209151385 -0.111419864253708 0.453932780292883
-2.98510580288702 0.445165604054232 -0.164336835141516 0.445165604054232 2.3256782492179 1.60384430245707 -0.164336835141516 1.60384430245707 -2.43592954367993
1.25724207228427 -0.857492945511841 -0.147057968916282 -0.857492945511841 -0.0186411509893878 0.857492945511841 -0.147057968916282 0.857492945511841 1.10604162537035
-0.601510263343371 1.28363530424822 -0.167430691858464 1.28363530424822 2.37090127853899 -0.303855700039435 -0.167430691858464 -0.303855700039435 2.82565130580889
3.96292710246244 1.29992158939385 -0.776285463258709 1.29992158939385 -0.328036639329795 0.124287173907562 -0.776285463258709 0.124287173907562 0.916872594400049
0.771994801473513 0.0941457074967699 0.451899395984496 0.0941457074967699 -1.00003662629902 1.44775176861699 0.451899395984496 1.44775176861699 -0.0460267903317542
1.9927852452408 -0.237236338719143 -0.125838405755371 -0.237236338719143 4.17123371208788 -0.841673271281828 -0.125838405755371 -0.841673271281828 0.559052589503371
0.198983916667572 -0.114001202257463 0.596951750002717 -0.114001202257463 0.134728693577002 -1.33899593924221 0.596951750002717 -1.33899593924221 1.81780098872355
-1.00686285616533 0.365377036464119 -0.089268253227029 0.365377036464119 2.04901781244367 -1.25805956873441 -0.089268253227029 -1.25805956873441 0.579205643031188
-1.67040557904513 -0.668576210695884 0.130403409516535 -0.668576210695884 4.42750623739472 -0.298064936037793 0.130403409516535 -0.298064936037793 2.52320247937549
-2.22115227497395 0.570380246806807 -0.052041993321789 0.570380246806807 1.21778264372986 0.780629899826834 -0.052041993321789 0.780629899826834 -2.46470880371993
-0.30955360199449 -0.853363983876702 0.499887235653264 -0.853363983876702 -2.22753098732521 0.598191420070433 0.499887235653264 0.598191420070433 -2.60610667625091
1.41125714833549 0.391443588589406 -0.203962711949217 0.391443588589406 -0.995090806782543 -0.933283924373689 -0.203962711949217 -0.933283924373689 2.14881927841448
-0.744278212850577 0.487915717313156 -0.415555335508239 0.487915717313156 4.99906866297971 1.36244261741258 -0.415555335508239 1.36244261741258 3.05981043060793
-3.44566009610318 -0.0272798911384539 0.350441678470908 -0.0272798911384539 1.11008172401863 -0.623240589855448 0.350441678470908 -0.623240589855448 -2.06907482019351
0.0353306387480149 -0.255627562706225 -0.270175472778937 -0.255627562706225 -2.49184916816881 0.170418375137483 -0.270175472778937 0.170418375137483 -0.877031150097781
2.50078364125634 -1.04693477050143 -0.061343834209068 -1.04693477050143 -1.60107407285667 -1.61129804522485 -0.061343834209068 -1.61129804522485 0.42736204498984
0.582258115546708 -1.07717751376141 -0.203790340441348 -1.07717751376141 0.338957402978976 0.679994299227762 -0.203790340441348 0.679994299227762 2.8821776719562
1.06279042703155 -0.959606890426547 -0.392097439099019 -0.959606890426547 0.0742921463556036 -0.183666695156909 -0.392097439099019 -0.183666695156909 0.658310963539932
-0.709033455832587 1.32504502970463 -0.10129049369037 1.32504502970463 1.91418361545474 -0.438236421680783 -0.10129049369037 -0.438236421680783 2.69350027099085
-1.53602761003414 0.202163742433259 -0.779476697629266 0.202163742433259 -3.41177367384788 -0.289698558744567 -0.779476697629266 -0.289698558744567 -2.26340025033525
1.29689486946981 0.385563339572106 -0.21030727613024 0.385563339572106 -0.804116055792093 -0.835043596399481 -0.21030727613024 -0.835043596399481 2.44946121610515
-1.09396485109415 0.29158609452604 -0.318469918844044 0.29158609452604 5.06243091772869 1.65025321582823 -0.318469918844044 1.65025321582823 2.86829725608239
-0.126495324653286 0.622108154032552 -0.375338586266306 0.622108154032552 -4.24485130434878 -0.400222912427608 -0.375338586266306 -0.400222912427608 -1.35619577579096
-1.4527617728174 0.246301564931686 -0.277611085897578 0.246301564931686 -2.86795212047573 1.26490464702205 -0.277611085897578 1.26490464702205 -3.04537273928245
0.583569439449906 0.3074720702478 0.322113597402457 0.3074720702478 -0.366038178866428 1.51016894366606 0.322113597402457 1.51016894366606 -0.453887341794371
-0.789587663792229 -0.285243711003475 -0.326583379264849 -0.285243711003475 -0.690372459964933 1.50269694130092 -0.326583379264849 1.50269694130092 0.940477452946242
0.0645038961736921 -0.574292753030291 0.312115626646897 -0.574292753030291 -0.853116046168185 0.272580980604957 0.312115626646897 0.272580980604957 -1.1839586104139
-3.38676311422556 0.371152122106911 0.649516213687095 0.371152122106911 0.236187714068034 1.2167884912255 0.649516213687095 1.2167884912255 1.16828565708653
0.907133408783791 0.481719120526565 0.323231444509167 0.481719120526565 -2.38982732520971 0.957182148578759 0.323231444509167 0.957182148578759 -0.773670102663877
-0.908236608316885 -0.158941406455455 -0.0454118304158443 -0.158941406455455 -0.656407366919931 -0.530492746221453 -0.0454118304158443 -0.530492746221453 -1.86807756937905
-4.45972137767946 0.435298942542153 -0.159051536698094 0.435298942542153 0.858041184818667 -0.420649458898907 -0.159051536698094 -0.420649458898907 -3.46564927331637
-1.45130040097512 -0.577621700245447 -0.75359963759621 -0.577621700245447 2.33533074507836 1.58380143615687 -0.75359963759621 1.58380143615687 1.14696208579203
0.956584412294528 -1.45251429198735 0.809257962678668 -1.45251429198735 -2.01069478419392 0.805107921844418 0.809257962678668 0.805107921844418 -0.0767757554336172
-1.97494701790121 -0.550666568932623 0.198736806832826 -0.550666568932623 4.45501675316919 -0.749403375765449 0.198736806832826 -0.749403375765449 2.40968378284802
0.904054263241438 -0.579841699872094 0.307586278068351 -0.579841699872094 0.209906851925023 0.714930267942654 0.307586278068351 0.714930267942654 -0.77520055215875
-1.67625662085806 0.214744318343757 -0.425318844098315 0.214744318343757 -5.05378861810939 0.621299095790676 -0.425318844098315 0.621299095790676 -3.5109653601057
1.49987859316041 -0.345805342311983 -0.181235330006883 -0.345805342311983 0.56037130772243 -1.14365742728481 -0.181235330006883 -1.14365742728481 -0.331223189322923
-2.44117843302885 -0.0705183234689727 -0.574516929438395 -0.0705183234689727 2.41421554464365 1.39792205935552 -0.574516929438395 1.39792205935552 -2.13421631910509
1.89208125623899 -0.169749084257765 -0.264974180304804 -0.169749084257765 -4.8709706738844 1.03298528103201 -0.264974180304804 1.03298528103201 -1.74510339060117
-0.666240573631019 -0.0456613477254904 0.381894908249556 -0.0456613477254904 -0.153588169622104 0.933982112566849 0.381894908249556 0.933982112566849 0.0850961480338685
-0.743471838083134 -0.399850400313618 -0.616436033816828 -0.399850400313618 3.02178609820344 -0.0124953250098006 -0.616436033816828 -0.0124953250098006 0.22699840434471
1.48921771016021 -0.194155984403689 0.0206548919578393 -0.194155984403689 -0.353198652479051 -0.156977178879578 0.0206548919578393 -0.156977178879578 3.07344792332648
0.124403790076825 -0.0642752915396929 -0.673853862916135 -0.0642752915396929 -2.97947077233996 1.04706523314661 -0.673853862916135 1.04706523314661 -1.38917565585788
0.837650988646857 -0.916051820096563 -0.392004157248529 -0.916051820096563 -0.0495163145998142 -0.336298303323738 -0.392004157248529 -0.336298303323738 0.515794943748064
1.54913398296918 -0.869580542440031 -0.456478146981584 -0.869580542440031 0.462674682913461 1.78873337233508 -0.456478146981584 1.78873337233508 1.18147285101116
-1.7219703877107 -0.164492939092074 -0.847450964689548 -0.164492939092074 -4.53917224330028 0.0353972147413325 -0.847450964689548 0.0353972147413325 -3.50848863759678
