7.03193403357393 0.135490058450365 9.09364108966032 0.135490058450365 6.06769645093551 5.53702705533824 9.09364108966032 5.53702705533824 0.803907680138831
-18.1871783611162 0.0396914258855224 7.54137091824927 0.0396914258855224 4.69492866188751 0.671919138204916 7.54137091824927 0.671919138204916 -2.21137944219339
-8.97732361337175 -2.45987107740475 1.46306057544989 -2.45987107740475 0.25523172126667 0.182882571931236 1.46306057544989 0.182882571931236 5.64122394957119
10.1356117380439 -2.17967226182358 4.48692185404033 -2.17967226182358 -12.6030115960733 0.781750450068732 4.48692185404033 0.781750450068732 10.3446214069859
3.98283216466717 0.367373195850344 6.09079422637397 0.367373195850344 -5.40671999961816 -3.85615175230499 6.09079422637397 -3.85615175230499 -5.25723711303078
7.95969410752745 -4.13341865361465 0.684564928149025 -4.13341865361465 -9.40170540104289 -3.20157742062092 0.684564928149025 -3.20157742062092 -1.9287551777887
-13.9659512849634 4.83653078056449 0.60196270266285 4.83653078056449 5.68636047844145 -4.12000770196234 0.60196270266285 -4.12000770196234 -2.17039839506813
-8.81212178570569 1.06198024438181 3.99849704603804 1.06198024438181 -7.69871392658384 3.39165119210557 3.99849704603804 3.39165119210557 -9.45239558921917
-3.2848203508126 2.29483998434837 -2.1688882837804 2.29483998434837 7.47901197972593 -1.09326076092996 -2.1688882837804 -1.09326076092996 0.0881661903975774
-7.69464403059651 1.49558623543235 -1.91295913834371 1.49558623543235 6.29002368426022 -7.46187837320363 -1.91295913834371 -7.46187837320363 -1.54374464730674
0.844876876885208 -1.90787556185516 -1.17620114233039 -1.90787556185516 -9.48967916945902 -1.57655129640998 -1.17620114233039 -1.57655129640998 3.31600368999717
7.90553576813246 1.28652479722915 5.86664399584528 1.28652479722915 7.51230469053415 5.45977484619154 5.86664399584528 5.45977484619154 2.4912211621257
-2.67985264967611 0.383143591680601 -6.73514774364382 0.383143591680601 4.01224525220584 -2.35052136019784 -6.73514774364382 -2.35052136019784 -12.1142254717889
-6.02671105472668 0.00965432287501271 -7.12971744319688 0.00965432287501271 -5.19643928747559 5.38952574497584 -7.12971744319688 5.38952574497584 0.0579259372500762
9.87799631722101 -1.85161450372351 4.1763287484865 -1.85161450372351 -12.3957570080403 0.927166733876236 4.1763287484865 0.927166733876236 9.5299689215138
0.35542192165784 -4.99238341613429 -0.33188404605136 -4.99238341613429 6.7553702990596 3.70956919558116 -0.33188404605136 3.70956919558116 12.9340626457605
-3.17200988450474 4.09432854807514 -3.60443228463567 4.09432854807514 -16.0844711744904 4.10253909997636 -3.60443228463567 4.10253909997636 -6.72444200709935
-7.06451654584024 -3.95133976292759 -3.2870813467933 -3.95133976292759 -7.36956225625384 -2.85944717331629 -3.2870813467933 -2.85944717331629 -10.0151923428316
4.7322551194226 1.0472564583811 4.43263896689111 1.0472564583811 14.2471680755161 7.11798373584157 4.43263896689111 7.11798373584157 -9.99093861899398
-2.56928266032529 4.26479008755487 -3.99087935617691 4.26479008755487 -16.8427708724309 3.76627255644698 -3.99087935617691 3.76627255644698 -7.00389740133449
-6.01441618608095 -3.00010557038332 0.650591075395625 -3.00010557038332 -4.53993248245506 -0.150573480331738 0.650591075395625 -0.150573480331738 -8.33267958137715
8.48539034835728 1.6097850978578 -0.403088134551314 1.6097850978578 -6.26968932849878 -5.01164355824309 -0.403088134551314 -5.01164355824309 3.355644534131
3.72756166184597 0.357625842095923 2.01279159846295 0.357625842095923 2.50567336801823 4.0989423440225 2.01279159846295 4.0989423440225 2.23974645979305
-6.23971053872215 -2.19094099890638 2.10375048976623 -2.19094099890638 1.94278339596902 -0.974745179105287 2.10375048976623 -0.974745179105287 -10.6640699640647
-8.14702920248729 -4.29007426039455 -2.12721893039372 -4.29007426039455 8.29779858544045 2.42053391177533 -2.12721893039372 2.42053391177533 7.2972381349331
5.61139241896495 3.39261604216014 -4.38818566487973 3.39261604216014 -8.12911394418969 6.58776372940069 -4.38818566487973 6.58776372940069 5.04915613065223
-12.0466718043624 5.28541980394874 2.74739696089316 5.28541980394874 -12.3607329811188 -2.04267432036667 2.74739696089316 -2.04267432036667 -7.3408608388177
2.52299538110948 -0.22821063748729 -4.51096360099876 -0.22821063748729 -0.986377088695064 -0.836772337453397 -4.51096360099876 -0.836772337453397 -5.12459664846459
8.22099622538694 0.753742220003813 8.18025340268403 0.753742220003813 7.84299337030995 5.96429654567582 8.18025340268403 5.96429654567582 1.24039260228856
-7.73914563570943 -1.35661150542486 4.59697498695395 -1.35661150542486 -4.78044054292569 1.62793380650983 4.59697498695395 1.62793380650983 -2.29461146060433
-13.1880173779777 1.54908630264542 3.68843268125411 1.54908630264542 -6.65636010546385 -3.85193195112188 3.68843268125411 -3.85193195112188 -9.59380461495248
8.71148453497643 -0.436102836247303 3.78748705662052 -0.436102836247303 -19.4660447815842 1.95585514438185 3.78748705662052 1.95585514438185 -9.0365793765426
-0.37276631655116 -2.03630555011529 -3.80555463464169 -2.03630555011529 -13.4474057776739 -1.26295453518079 -3.80555463464169 -1.26295453518079 0.70936873672049
-8.91335868255855 0.381584963207572 4.16539310982311 0.381584963207572 -6.74327625821015 2.22251394601051 4.16539310982311 2.22251394601051 -15.3944773324582
0.015279606057275 0.850564737188306 -2.89803194886315 0.850564737188306 -0.0101864040381833 -2.08821282782758 -2.89803194886315 -2.08821282782758 -3.2621958932282
-5.8275820203505 0.240881129327237 7.31930371281074 0.240881129327237 -5.41547213644125 2.41751784011552 7.31930371281074 2.41751784011552 -14.3512913797974
-9.92199686877368 1.39942031633221 -3.79232223128193 1.39942031633221 2.06387790164414 -4.02947590320998 -3.79232223128193 -4.02947590320998 -11.1141747871147
10.4796121810942 3.09501499648896 8.04393621894498 3.09501499648896 2.14349827242218 0.212022748297489 8.04393621894498 0.212022748297489 12.2895624714386
-7.40715176961843 -1.81040720626149 4.17686805444615 -1.81040720626149 -4.2260076786161 1.38366836478557 4.17686805444615 1.38366836478557 -1.3397013326335
-16.9195876865712 -0.789374753432927 1.02815359343933 -0.789374753432927 2.29227686406145 -1.12647429226549 1.02815359343933 -1.12647429226549 2.31475016665029
-6.4335974478601 8.51535087653927 -0.446986864058977 8.51535087653927 5.74553901666819 -1.230469457241 -0.446986864058977 -1.230469457241 1.01702067384205
1.83714105036078 -1.57966294860567 0.572946766968577 -1.57966294860567 -0.459285262590195 4.5348620624436 0.572946766968577 4.5348620624436 -5.04749864341548
8.16608239537732 -1.36057427058918 3.78640436543811 -1.36057427058918 -17.787662847664 1.43704065401377 3.78640436543811 1.43704065401377 -8.6512484143471
-1.14547643784967 -3.84591037661208 -5.55341964611696 -3.84591037661208 -24.7133865119248 -0.620912461638137 -5.55341964611696 -0.620912461638137 7.9407210072429
-2.91805607684224 1.62909879136591 0.035804369041009 1.62909879136591 1.03065433739476 -3.81316530286746 0.035804369041009 -3.81316530286746 -1.93087847328299
1.56380770226753 -2.27326678764129 -3.84956496676399 -2.27326678764129 -3.64971733708124 -0.856846712264795 -3.84956496676399 -0.856846712264795 -10.2297005443858
2.73535361770022 -2.32668025410248 -4.21209356346139 -2.32668025410248 -3.36967485076911 -0.446281341842933 -4.21209356346139 -0.446281341842933 -9.63516402641793
-5.62227063649336 2.29246738013567 2.87849479072863 2.29246738013567 -8.34808395626291 0.163908049706076 2.87849479072863 0.163908049706076 4.7735412832208
-1.44669293828707 5.61673135181976 1.47638253216983 5.61673135181976 -14.2860927655848 4.4561381364029 1.47638253216983 4.4561381364029 -2.36167224067385
-5.16269819357983 1.17833343683253 0.689025484249533 1.17833343683253 -3.33727995414774 2.16893239389853 0.689025484249533 2.16893239389853 0.601149770316259
-5.9256902155141 -1.3764911719276 -3.96784008271555 -1.3764911719276 -5.49814371514264 0.641319750557179 -3.96784008271555 0.641319750557179 -8.29283791269263
7.93202791940278 -3.90103994332358 0.241703340925445 -3.90103994332358 -8.90923712572501 -3.60215946798567 0.241703340925445 -3.60215946798567 -0.83166740963594
-8.29602028667924 -5.49491336891689 -2.83216757914884 -5.49491336891689 -8.08989044293262 -6.92652748918454 -2.83216757914884 -6.92652748918454 -1.3836112799431
-6.3053088538739 1.50994183949086 -4.28250745855597 1.50994183949086 -14.3236206911702 -2.11131522728808 -4.28250745855597 -2.11131522728808 -14.7922233310122
-7.41912073312161 -3.2785787208511 1.20273947639918 -3.2785787208511 4.29867998046374 -2.42107002008502 1.20273947639918 -2.42107002008502 -10.9894751417658
-4.83348858787692 -3.03711655058998 0.612132017948367 -3.03711655058998 2.92410756266105 4.15308030638815 0.612132017948367 4.15308030638815 10.3709289963945
8.0683254726594 2.56638437249627 4.80942468218795 2.56638437249627 -5.336450044397 -4.34604972604279 4.80942468218795 -4.34604972604279 -3.47785818733125
3.48561050666905 -2.24786310226004 2.67230138844627 -2.24786310226004 1.11918922391006 3.14179178322211 2.67230138844627 3.14179178322211 -9.71465731008375
8.95851365365274 3.06784427683493 3.21077212999862 3.06784427683493 -5.29853969942538 -4.780426231707 3.21077212999862 -4.780426231707 -1.4292785316369
8.47736185447402 2.80795093586726 4.32658864709855 2.80795093586726 -5.29484759050105 -4.4922118874174 4.32658864709855 -4.4922118874174 -2.89713268065433
2.16098945799821 -0.539095451142411 0.951480432999213 -0.539095451142411 0.412384981856802 4.12384981856802 0.951480432999213 4.12384981856802 -0.258028591999787
-1.77081751722438 4.44897342175722 -4.40511416436467 4.44897342175722 -17.568373789305 3.4182808730322 -4.40511416436467 3.4182808730322 -7.30256635586028
2.27922425554844 -1.71907592155772 -8.52639582281439 -1.71907592155772 -13.6560300734979 -0.543592225596905 -8.52639582281439 -0.543592225596905 9.97505530727315
-6.72850808734008 0.175003898234389 -5.06988905183505 0.175003898234389 -8.99049877198158 -0.0783599544333084 -5.06988905183505 -0.0783599544333084 -13.83314395596
-5.79184334038436 0.313594183361086 -7.18130679896886 0.313594183361086 -5.7025896112739 5.15741818481539 -7.18130679896886 5.15741818481539 0.0192981035914514
-4.73951275434814 0.954625263996363 1.91373233674388 0.954625263996363 -2.01457303364491 -0.277872142571711 1.91373233674388 -0.277872142571711 -6.738399457364
3.76304302492541 -2.82522766868226 2.40109007038133 -2.82522766868226 1.35252767458183 3.52034206589766 2.40109007038133 3.52034206589766 -10.5468882777496
-2.28243500705562 1.01089704154545 -3.47358838853929 1.01089704154545 -1.25448669011061 3.35422946074236 -3.47358838853929 3.35422946074236 3.36884483965627
5.54251365593263 -0.498826229033937 -0.119164043602552 -0.498826229033937 11.3621529946619 0.742696829894973 -0.119164043602552 0.742696829894973 -6.8366905945929
-1.38591654588697 0.435389023746763 -7.26366836646828 0.435389023746763 4.45303823297432 -2.04977703754045 -7.26366836646828 -2.04977703754045 -11.8912932871826
-7.71163071261812 -0.959521867403347 -1.64647747686071 -0.959521867403347 5.83469070871366 -4.12173365674417 -1.64647747686071 -4.12173365674417 -7.82686197614
7.3331351207918 6.62205986946829 -0.664402358379489 6.62205986946829 -12.5742264519755 6.90209722713238 -0.664402358379489 6.90209722713238 -0.285528286245731
8.66634335624429 1.83862826866684 6.01169467620283 1.83862826866684 5.39451468152393 -1.23177764628383 6.01169467620283 -1.23177764628383 12.9711092605528
-0.194980957245535 -0.146837511012069 -1.67057758430125 -0.146837511012069 -3.91165500646906 3.03303711270832 -1.67057758430125 3.03303711270832 -7.19022369496805
-5.15310294128341 -3.77485017842797 -3.83901984147589 -3.77485017842797 -8.64337461402058 -4.17102809811516 -3.83901984147589 -4.17102809811516 1.5372819278003
-7.27900247925026 2.42888819570772 2.54381981380114 2.42888819570772 -7.76426931120027 5.02378872866149 2.54381981380114 5.02378872866149 -15.2297164153576
9.36691406525859 -1.58793570806797 3.71789406777493 -1.58793570806797 -12.1505680852337 0.936963779717637 3.71789406777493 0.936963779717637 8.63150644745696
-7.17778143102461 1.62727723126941 -5.27363199026153 1.62727723126941 -13.104413915375 -1.03435278263673 -5.27363199026153 -1.03435278263673 -16.9257728067829
7.09287695636558 -0.184983556277343 -2.31091397916621 -0.184983556277343 10.1989441326643 -1.6400034690857 -2.31091397916621 -1.6400034690857 -4.66876408455204
-17.588936298689 -0.383913726810512 9.17127236269556 -0.383913726810512 5.32929128920666 0.728014178248082 9.17127236269556 0.728014178248082 -3.31872088287309
8.96014376943778 2.78708842185597 1.30780733110046 2.78708842185597 -5.59465132247672 -5.06743349428358 1.30780733110046 -5.06743349428358 1.23358734557812
-13.0792430701782 1.74810697350053 1.54228590126735 1.74810697350053 -11.3997431207554 2.33538309960589 1.54228590126735 2.33538309960589 -9.30860102686627
-13.4620479019538 8.13769778009234 4.26101744593626 8.13769778009234 -18.0228482950786 -4.05091315816309 4.26101744593626 -4.05091315816309 -6.04946613942003
-15.7850409799214 -3.65463635356025 9.19118057786105 -3.65463635356025 3.71784547288284 -2.32724484778601 9.19118057786105 -2.32724484778601 -6.45594959626564
-3.89739178598305 -3.69499100482693 0.83549159663284 -3.69499100482693 3.71381898446936 3.80795888268151 0.83549159663284 3.80795888268151 11.7816082612507
1.38708167323671 -1.99617941397938 -6.88003584429785 -1.99617941397938 -14.2611930116613 -1.53105023013952 -6.88003584429785 -1.53105023013952 5.61200509311539
-17.1946529144485 -0.754776051404482 9.74373159190465 -0.754776051404482 5.52268212706902 0.586731572035182 9.74373159190465 0.586731572035182 -3.81945164125815
-2.37620430617633 9.45969942142349 4.23606041923839 9.45969942142349 3.30362581808059 -1.30340320591951 4.23606041923839 -1.30340320591951 8.32423470549746
-5.71938266894975 -1.65866940229915 -5.49176964148097 -1.65866940229915 -1.6175053441399 5.67579719560467 -5.49176964148097 5.67579719560467 1.26155731182169
3.69719511088749 -1.36560853896839 -0.894878126972105 -1.36560853896839 0.30156167018512 -2.4198485241684 -0.894878126972105 -2.4198485241684 -2.90774098243539
-4.07314074857832 -1.03225093508991 -3.71367454059407 -1.03225093508991 -0.408042722576719 4.73621017276549 -3.71367454059407 4.73621017276549 2.88544496679252
7.90049105109249 8.04623627410255 0.852472059115444 8.04623627410255 -17.9046631512924 5.23032856915347 0.852472059115444 5.23032856915347 -6.72902944727578
-1.58364191454316 -0.708044678515883 -2.18629062946317 -0.708044678515883 -7.12909107604924 0.118908266620988 -2.18629062946317 0.118908266620988 -1.9619863992463
3.99433892625679 0.998584731564197 -6.72947347946971 0.998584731564197 -7.98044775857211 4.92433954164212 -6.72947347946971 4.92433954164212 8.81443061130705
1.48422097959002 0.665716762904346 -2.59465836689358 0.665716762904346 15.6388872334742 4.1416313364295 -2.59465836689358 4.1416313364295 5.27389550284468
7.62194565584314 6.93379599388547 -4.04356741366326 6.93379599388547 -21.0050802815959 2.34796664659957 -4.04356741366326 2.34796664659957 -11.6049558992541
-7.66199800410919 -5.05455595205 -3.76349241171002 -5.05455595205 -8.49739205962329 -6.15153804514934 -3.76349241171002 -6.15153804514934 -0.255962488389844
-17.4688714361747 -0.514866077117083 2.08759906678074 -0.514866077117083 2.67561551551009 -0.717436336966427 2.08759906678074 -0.717436336966427 1.53615780385753
7.22671527444872 -2.52072106949321 1.57028525640561 -2.52072106949321 3.36420246883183 -2.75650693616712 1.57028525640561 -2.75650693616712 5.70747644278695
-5.95464956343969 3.01705555445339 -5.3934523985784 3.01705555445339 -7.5761617256274 -4.37286817398553 -5.3934523985784 -4.37286817398553 2.43102665663364
-7.10178682192889 9.90148039938244 5.0353463242846 9.90148039938244 -14.7496677207787 -6.00703484612974 5.0353463242846 -6.00703484612974 -0.861444177678017
-2.74522844017273 1.3485754421514 -5.97123243904471 1.3485754421514 -6.8774943671928 3.39667932221022 -5.97123243904471 3.39667932221022 -1.3485754421514
-16.4876685104854 -4.01715323918925 5.82342717767362 -4.01715323918925 -1.2600566994867 -4.98820610851845 5.82342717767362 -4.98820610851845 -6.44189537421067
-2.61307153384222 -3.66380135060825 -3.02016057279869 -3.66380135060825 3.15769065352723 -2.92113891467414 -3.02016057279869 -2.92113891467414 -4.04613497503358
-7.7460975620173 -0.217969681660705 -1.12254386055263 -0.217969681660705 -8.89861225379828 0.885501831746614 -1.12254386055263 0.885501831746614 -5.26669243312678
-10.2134587395422 2.33246894935592 -7.26818226581377 2.33246894935592 -5.34187644307686 5.14948338309943 -7.26818226581377 5.14948338309943 -6.24446116889687
-16.2532771001223 -2.35840975791625 1.85013179284809 -2.35840975791625 -7.04618481860199 -4.80395288127275 1.85013179284809 -4.80395288127275 -4.78362176267003
3.20847598477203 -0.433835534345103 0.696043824333902 -0.433835534345103 -1.18947215185828 2.89382603678547 0.696043824333902 2.89382603678547 -8.76967544426173
-4.24673294858254 4.27878376328883 1.48502108139113 4.27878376328883 -16.057458167848 1.25799447722162 1.48502108139113 1.25799447722162 -3.34396833435556
-16.6604970647191 3.95652268601622 5.53415847771682 3.95652268601622 -13.4748331981153 3.06409473379328 5.53415847771682 3.06409473379328 -13.1598586267425
-14.4735098651116 -1.41765874986109 0.206681255113219 -1.41765874986109 -8.3429362979505 -2.26476079546598 0.206681255113219 -2.26476079546598 -5.23689546406593
7.64890983971597 -1.29030930820084 2.48767260691263 -1.29030930820084 -11.5089029396727 0.579545706225799 2.48767260691263 0.579545706225799 6.79052610502304
3.73774549063748 -4.56533619742106 2.56182556099872 -4.56533619742106 7.71512172323917 4.8568457598105 2.56182556099872 4.8568457598105 0.951111707796055
4.77735621468382 0.740439498241866 6.12637612243955 0.740439498241866 -5.47215218221214 -3.86448560041303 6.12637612243955 -3.86448560041303 -5.0968609296786
-14.5343832744061 2.79037968970468 5.45871493970061 2.79037968970468 -8.29902190019524 -2.8652705958896 5.45871493970061 -2.8652705958896 -10.7177207962414
-4.19897669299457 1.3563773427894 -1.12864977713698 1.3563773427894 -2.21934495999856 1.76788504914377 -1.12864977713698 1.76788504914377 -2.22933301112366
-7.47403253208175 -3.59755412054506 -0.882311532728615 -3.59755412054506 -6.26725804860777 -1.42592928353883 -0.882311532728615 -1.42592928353883 -8.58972969604825
3.59571328042687 0.363581417203014 -2.00237118739013 0.363581417203014 -5.56600375453438 0.438436414862458 -2.00237118739013 0.438436414862458 0.507944626974799
3.29106796975177 -0.80966939921534 1.25260618819785 -0.80966939921534 -0.564387198864811 2.95291192655006 1.25260618819785 2.95291192655006 -9.00876275656362
-8.58072546779232 0.193259582607935 4.62534601041658 0.193259582607935 -6.69708873597365 2.61029276242451 4.62534601041658 2.61029276242451 -6.3363375151055
2.83307294799592 -1.29736558243005 -1.46936480737343 -1.29736558243005 -0.444740853067877 -2.32444666852051 -1.46936480737343 -2.32444666852051 -4.68575031381459
7.92757020861904 7.45136547039296 -2.36175529131775 7.45136547039296 -20.7245403127405 2.99485985658941 -2.36175529131775 2.99485985658941 -11.2582507476569
3.83295343133495 -1.79425564964529 -4.72000116823824 -1.79425564964529 -2.42426114460501 -0.186481626508078 -4.72000116823824 -0.186481626508078 -7.94562930243202
-9.38111133078413 -0.279734949160762 -0.641392276290033 -0.279734949160762 -5.04322151201259 0.447575918657219 -0.641392276290033 0.447575918657219 -2.20590988481058
-6.32132684331827 -3.78082065594949 -3.94049332316908 -3.78082065594949 -6.85737079755546 -2.7457996166511 -3.94049332316908 -2.7457996166511 -11.3624210512509
-4.31643085426303 1.94935586966718 1.37214400176573 1.94935586966718 2.03289969265291 -1.17214515279987 1.37214400176573 -1.17214515279987 -1.18227167679814
-0.0636074842666934 3.77975243046313 -5.08370585793034 3.77975243046313 -3.51553672658609 0.704575210338758 -5.08370585793034 0.704575210338758 3.51309028488353
1.75703364251712 -1.2908818598085 -4.07823046820981 -1.2908818598085 -2.72997608129871 3.84156879391159 -4.07823046820981 3.84156879391159 -4.71889035418885
-7.52358011452017 -3.03969548548789 0.785514279924762 -3.03969548548789 4.63297657451375 -2.75708836494838 0.785514279924762 -2.75708836494838 -10.6055554054431
-2.1488108769687 1.80532066243467 -0.752882621391451 1.80532066243467 -1.14030763080774 2.29858858679459 -0.752882621391451 2.29858858679459 -0.856728500204064
-3.2460141238381 1.71173893589248 4.43884007522774 1.71173893589248 -6.40441956198092 1.08050712357517 4.43884007522774 1.08050712357517 4.98470957840605
6.81731046983207 1.36921068845995 4.58058461234788 1.36921068845995 -2.01723406773107 0.883193154006607 4.58058461234788 0.883193154006607 6.0987361581403
-10.4460228193463 3.06664646170326 -0.239710909405376 3.06664646170326 7.79887044910249 -4.38505646343282 -0.239710909405376 -4.38505646343282 -3.84983986398461
-3.41800090002911 1.28445635511298 -6.34531060821731 1.28445635511298 -6.92499971230388 3.66334649594957 -6.34531060821731 3.66334649594957 -0.834656095925476
-12.1325395917923 4.71603975117748 5.36706677370336 4.71603975117748 0.585924320273292 -7.24202459857789 5.36706677370336 -7.24202459857789 -6.25767174051876
-4.79141936783902 2.34998033682455 2.32203462471096 2.34998033682455 -5.92449096808092 5.7339520218519 2.32203462471096 5.7339520218519 -15.7867868248949
1.53803601925584 5.06178639908662 -5.60009900582616 5.06178639908662 -19.3682678710574 2.44987165924323 -5.60009900582616 2.44987165924323 -8.50314199217155
-7.18745604248677 1.42390532284816 -5.30894608445406 1.42390532284816 -12.4363107096463 -0.849117853074592 -5.30894608445406 -0.849117853074592 -16.7132520188251
-2.83606983849954 -0.0450169815634848 -3.24122267257091 -0.0450169815634848 -3.38156973273942 -3.63578327568616 -3.24122267257091 -3.63578327568616 -5.38085332570595
-7.03804230320722 -3.09222911262194 0.65226707844369 -3.09222911262194 2.31514549447606 -0.187224809553281 0.65226707844369 -0.187224809553281 3.09826862260753
-14.9213605896102 -1.6834068731157 -1.59392345128895 -1.6834068731157 1.24158247784613 -2.52511030967354 -1.59392345128895 -2.52511030967354 4.20012811199298
-12.7096060510684 4.03051384970003 3.35745208272608 4.03051384970003 -2.89914154101231 -6.27230712802572 3.35745208272608 -6.27230712802572 -8.2705410898978
1.54895136184227 -0.515474841461374 5.26340242531393 -0.515474841461374 -5.00566500458325 -4.01009104607451 5.26340242531393 -4.01009104607451 -5.49587147146318
1.71027380778517 -4.81564239306369 4.0289164414825 -4.81564239306369 6.07391526593421 2.87814649367277 4.0289164414825 2.87814649367277 2.50921600085054
-6.19719183609248 -0.519378517197746 -1.54725851458386 -0.519378517197746 -8.3562836824538 0.590079257758696 -1.54725851458386 0.590079257758696 -4.329060729732
-7.13475836346444 0.424480326432685 6.2102053237001 0.424480326432685 -6.0677427483905 2.48001177018548 6.2102053237001 2.48001177018548 -15.4266617263824
7.8650185869071 7.95573708161801 0.962165852994576 7.95573708161801 -16.9671075562358 5.67402948737373 0.962165852994576 5.67402948737373 -5.42661541088941
-17.0935208340671 4.43462678156688 6.85401742269637 4.43462678156688 -13.5502484992321 2.71004969984642 6.85401742269637 2.71004969984642 -13.8104575613216
-14.0718812952985 1.00590904827663 -2.31820009778038 1.00590904827663 7.80867401357602 1.77864241420343 -2.31820009778038 1.77864241420343 -1.48852848383793
-0.851753139375232 -1.38762431977687 3.01780085805132 -1.38762431977687 -3.97390785887318 2.30706645036073 3.01780085805132 2.30706645036073 -4.6338755231573
0.583675350057886 -2.14987087271321 3.21507838656885 -2.14987087271321 2.52196390837511 2.96701636279425 3.21507838656885 2.96701636279425 -1.49810006514857
-3.87496210692429 1.85936714449903 1.16786696679278 1.85936714449903 1.39324480248963 -4.42560113732 1.16786696679278 -4.42560113732 -1.64423375587931
0.329387924620002 4.8474922906577 -5.2427578002017 4.8474922906577 -18.8409892882641 2.74215447246152 -5.2427578002017 2.74215447246152 -8.03981026009988
-12.2552132892788 0.87794409326585 2.80277420310738 0.87794409326585 -5.77172078979821 -4.1958526854819 2.80277420310738 -4.1958526854819 -8.98161733268502
-13.2720961964745 6.3189498461442 3.31674542713437 6.3189498461442 -15.3178913712682 -2.60838884786203 3.31674542713437 -2.60838884786203 -7.51062553546156
7.64079418278327 1.20658584397189 -4.90879798937084 1.20658584397189 9.8863081566444 -3.40537553685916 -4.90879798937084 -3.40537553685916 -1.39623145498342
-4.55900744410613 0.470413501367701 -1.28362833085974 0.470413501367701 -5.66748181169066 -4.73416140738134 -1.28362833085974 -4.73416140738134 -2.28200592152842
8.40082500746974 0.953815352789849 7.70302185150947 0.953815352789849 8.09043853874715 5.94945158295996 7.70302185150947 5.94945158295996 1.52247961300422
1.27837039275814 -1.05812680449269 -3.67471639116805 -1.05812680449269 -3.29407801579625 3.59571597363805 -3.67471639116805 3.59571597363805 -5.51805946686799
-11.4899273558917 -0.492717006634279 0.565604137793196 -0.492717006634279 -7.57443067003465 0.965025616544061 0.565604137793196 0.965025616544061 -9.4694960801665
2.80216566745199 -2.20904060117465 0.957406603046095 -2.20904060117465 0.193816458665429 4.43442716874277 0.957406603046095 4.43442716874277 -8.89921113221627
3.59181852848817 -2.68205688044203 2.08797755289278 -2.68205688044203 5.61765389230675 5.72205276995139 2.08797755289278 5.72205276995139 -3.67136053050313
9.26951480179781 0.530292608798502 2.86358008751191 0.530292608798502 -21.232916056292 2.17154823302987 2.86358008751191 2.17154823302987 -9.22974285613793
1.0432019466527 -4.8345227911467 -0.908975059611605 -4.8345227911467 6.98921755680633 3.99383860388933 -0.908975059611605 3.99383860388933 11.9932901000049
-8.31642282443671 3.19432020412615 1.63530883061554 3.19432020412615 -4.56513118344462 -1.34283524504666 1.63530883061554 -1.34283524504666 -5.18059733742434
-13.8011106918157 0.320261762366618 -3.0072036669679 0.320261762366618 7.79213152334372 2.14412535821719 -3.0072036669679 2.14412535821719 -1.63116372188421
-1.35106822768338 -3.63049422765613 -5.90456946237072 -3.63049422765613 -25.3010935231717 -0.339773593892652 -5.90456946237072 -0.339773593892652 7.14862238489106
1.06965256479918 -2.15675866795172 -3.6727231420727 -2.15675866795172 -3.63033597750024 -1.09209282839636 -3.6727231420727 -1.09209282839636 -10.3000809911082
-5.95026131091577 1.2301020979297 -3.88535419515217 1.2301020979297 -14.0642540076191 -2.35877928715061 -3.88535419515217 -2.35877928715061 -13.7235703399049
-5.92833365703298 -3.36315053487017 0.195461714728823 -3.36315053487017 3.28254776590983 -0.437270021609842 0.195461714728823 -0.437270021609842 1.898195209016
-5.27704204407774 2.1579733635569 3.20215402334249 2.1579733635569 -8.06376935331199 0.361533518764475 3.20215402334249 0.361533518764475 5.03452266503077
-4.75211021803471 2.01672730425102 3.5708200598654 2.01672730425102 -7.63347005250471 0.583907682745285 3.5708200598654 0.583907682745285 5.1406334069383
-15.5229665920238 -1.84077142239623 0.872403517723331 -1.84077142239623 -8.01157230442593 -3.7106229620499 0.872403517723331 -3.7106229620499 -4.74878314814067
9.37540758614969 2.55975858576203 7.94899702670783 2.55975858576203 -0.072617264844313 0.552409907565667 7.94899702670783 0.552409907565667 10.0626781284262
-1.4453051042798 6.9429847630941 4.71229685041226 6.9429847630941 3.06123650559263 -1.09401566921179 4.71229685041226 -1.09401566921179 8.57146221565936
0.822289910673 -0.817495217316306 -3.22203393569828 -0.817495217316306 -3.69670857801098 3.38745085650422 -3.22203393569828 3.38745085650422 -6.17556504342171
-3.49975559398701 1.89907258026318 1.54252233550005 1.89907258026318 3.00412546651486 -1.17332846503611 1.54252233550005 -1.17332846503611 0
-6.41840735559184 9.34271105886305 -0.0978951454313969 9.34271105886305 5.54488144251168 -1.32534966122507 -0.0978951454313969 -1.32534966122507 1.53118047982441
-0.567186121494053 -2.23000982402052 -1.85649701230492 -2.23000982402052 -9.18564840663539 -2.0944385071756 -1.85649701230492 -2.0944385071756 2.89679936197207
2.37872847582623 -5.55118303421445 3.88533816957816 -5.55118303421445 7.34196626369846 3.18960296140654 3.88533816957816 3.18960296140654 3.59626509012657
4.64713479758698 0.541793359814828 3.69480729399494 0.541793359814828 14.2178865712231 6.01558194351103 3.69480729399494 6.01558194351103 -9.23841460962604
-16.4916090704199 -2.64991888090345 2.43223660700667 -2.64991888090345 -6.33020052491831 -5.17213082778745 2.43223660700667 -5.17213082778745 -4.95154612357205
0.81078204814359 0.889882735767355 2.30239501476316 0.889882735767355 8.12194560422586 6.59078229379441 2.30239501476316 6.59078229379441 -13.0177131632253
-13.1020350946816 2.99197338930487 0.307838417311151 2.99197338930487 8.10371131886635 -1.02072738371592 0.307838417311151 -1.02072738371592 -0.402350212099662
6.72296008608691 0.215667234444768 -0.758829158231592 0.215667234444768 -23.2814110862352 1.49369529041376 -0.758829158231592 1.49369529041376 -7.44717598446934
-3.81621615596102 -0.522627568477374 -1.73346767762297 -0.522627568477374 -11.3917286336925 -3.27806499634076 -1.73346767762297 -3.27806499634076 -7.66089222901735
-10.1808942960704 -2.4389455018691 -5.05502112398568 -2.4389455018691 7.92725415076785 2.05470939487073 -5.05502112398568 2.05470939487073 -1.88847958971541
2.52640566979368 0.511495566069865 -1.24766675461902 0.511495566069865 -3.26735719073601 2.72000913171732 -1.24766675461902 2.72000913171732 -7.54097435023563
-8.23598262706593 3.28200811454507 5.65836776351992 3.28200811454507 2.69888403130043 -6.84783768553665 5.65836776351992 -6.84783768553665 -2.08479760735253
-1.31920550229015 0.171521939112295 -2.429053343605 0.171521939112295 7.64533819778479 -1.25110120293674 -2.429053343605 -1.25110120293674 0.76680396309026
-6.27296773621726 10.0618402488925 0.265973832015612 10.0618402488925 5.36966038220198 -1.42270908257408 0.265973832015612 -1.42270908257408 2.11775390774695
-7.93417156521274 1.78899716921896 -0.842002119920086 1.78899716921896 8.44472541787822 -4.51675464817767 -0.842002119920086 -4.51675464817767 -4.3582359116646
-7.29357950421542 -3.50069970962343 -5.4094275544181 -3.50069970962343 7.82878788415785 1.22879474986782 -5.4094275544181 1.22879474986782 -2.06983648977734
-1.99823923388759 8.67742282118563 4.5254978885409 8.67742282118563 3.13400130785381 -1.21097810535471 4.5254978885409 -1.21097810535471 8.61724999607484
-2.61543940249712 -0.53613671049019 -0.955968631932243 -0.53613671049019 2.99272079136058 4.26072666220246 -0.955968631932243 4.26072666220246 -14.5522821418766
2.29784393443572 -3.28986466383969 -2.00428677981618 -3.28986466383969 6.02804433020472 -1.87522285838862 -2.00428677981618 -1.87522285838862 3.19876071930259
-11.0090158662987 -1.48591634916709 2.38628941364215 -1.48591634916709 -2.87156843725678 0.455199745291403 2.38628941364215 0.455199745291403 8.91549809500254
-4.05705077986618 1.23531173461497 3.17285462127248 1.23531173461497 -0.2255340926268 -3.17029173385626 3.17285462127248 -3.17029173385626 1.54029533714439
2.05791453245253 -1.83969272297098 -8.09630536190383 -1.83969272297098 -13.9744827109763 -0.975092389202338 -8.09630536190383 -0.975092389202338 8.64324103630061
-3.30380027188074 1.57200170131206 -1.17650444990191 1.57200170131206 -1.70583157931448 1.941531961468 -1.17650444990191 1.941531961468 -2.0174354743649
0.597994324197294 0.953193960374634 6.53072748794413 0.953193960374634 -3.09113607432812 2.18515219217959 6.53072748794413 2.18515219217959 3.81052774253539
-15.9777278858418 -4.12477128763755 7.95573903383724 -4.12477128763755 1.97309241063668 -3.55444676602286 7.95573903383724 -3.55444676602286 -6.80644870997733
-0.790022976223421 4.6413849853126 -4.83340445870024 4.6413849853126 -18.2391068364914 3.06956843886809 -4.83340445870024 3.06956843886809 -7.64237504082796
3.07328491245951 -2.33186077452217 1.15072768411726 -2.33186077452217 0.430353442840601 4.30353442840601 1.15072768411726 4.30353442840601 -9.51689216803481
-8.77280334660092 -3.0142872195255 -5.29750749350093 -3.0142872195255 7.916254761143 1.69127427701883 -5.29750749350093 1.69127427701883 -1.96133258899442
-5.7567176316645 -2.30362923231091 0.249677605955989 -2.30362923231091 2.11519330328753 4.55779403325319 0.249677605955989 4.55779403325319 8.70573992088051
7.65887735515258 -4.06877859492481 -3.14731991313301 -4.06877859492481 5.16734881555451 -0.00478679834697036 -3.14731991313301 -0.00478679834697036 9.85601779641197
-14.7906955320366 4.05956938377514 -0.737527181123126 4.05956938377514 2.15341030820764 -4.74637836333107 -0.737527181123126 -4.74637836333107 -5.25567363740176
7.98244281845409 -4.07074929276112 3.29164562017306 -4.07074929276112 -14.0589122925492 -1.33175506663841 3.29164562017306 -1.33175506663841 12.1071093203909
-5.3721624748227 3.78453861757911 -6.33811146752941 3.78453861757911 -7.68053288816284 -4.09413765370306 -6.33811146752941 -4.09413765370306 3.65079183397356
2.36223851669375 -0.273149635763303 5.65773828891212 -0.273149635763303 -5.16202228326761 -3.93284892233275 5.65773828891212 -3.93284892233275 -5.46046355197196
-4.75576740109676 2.49453459906585 1.80808892702075 2.49453459906585 -5.74281346547533 -0.262464521664302 1.80808892702075 -0.262464521664302 -1.80135906749089
8.85130005512061 2.50295807636841 0.673774794355057 2.50295807636841 -5.77191867559674 -5.07764883046282 0.673774794355057 -5.07764883046282 2.05206695923346
2.21414531328555 -4.26794783498067 -2.16698566870013 -4.26794783498067 6.86172828717886 4.63107709828841 -2.16698566870013 4.63107709828841 9.42485497039653
7.88378514741588 -3.52927840700645 -0.179058978002533 -3.52927840700645 -8.51697921455527 -3.92632222779467 -0.179058978002533 -3.92632222779467 0.225770015742324
-0.888978653981867 -0.0399241910470898 -3.71294976737935 -0.0399241910470898 1.87643697921322 -5.57075545743727 -3.71294976737935 -5.57075545743727 -2.4433604920819
0.649344718611937 -1.66053802087785 -3.04101515166735 -1.66053802087785 -2.85017720001423 -1.75967461913922 -3.04101515166735 -1.75967461913922 -9.32131865152479
2.08165793103052 -4.64080956273557 -1.93948284038024 -4.64080956273557 -19.7113691716653 -2.12994381087401 -1.93948284038024 -2.12994381087401 10.2607494667419
1.51112574267318 0.728578483074567 7.06766102562767 0.728578483074567 -2.17449195411453 2.49155851619327 7.06766102562767 2.49155851619327 3.41127641612382
-14.9524437055123 2.78844357026583 3.18207380772685 2.78844357026583 -12.4998245336398 2.88203397637545 3.18207380772685 2.88203397637545 -11.1510216220601
-13.2296474597266 -1.05464267351267 -0.0349605306136795 -1.05464267351267 -8.18076416360101 -0.74873803064297 -0.0349605306136795 -0.74873803064297 -6.40069047985449
6.04136834499988 -3.22142584219139 -4.71742923774912 -3.22142584219139 3.70416176216369 0.683477589663752 -4.71742923774912 0.683477589663752 6.6005772819975
3.71838015893984 -4.78331610329787 -0.376158758388993 -4.78331610329787 2.38403321195186 -2.75002551741142 -0.376158758388993 -2.75002551741142 5.28909713653712
-16.7095047061868 -3.26597499200008 3.72095110002494 -3.26597499200008 -4.50918996233552 -5.49448854022374 3.72095110002494 -5.49448854022374 -5.49448854022374
-3.11732017479206 -2.98951560434603 -3.02841264752526 -2.98951560434603 -8.7935101187316 -3.14510377706293 -3.02841264752526 -3.14510377706293 2.20879638053448
8.76984605734924 2.97598439922261 3.79712148281274 2.97598439922261 -5.2812885096744 -4.64120960290073 3.79712148281274 -4.64120960290073 -2.22115030995964
7.8037136927869 -3.68188639330818 2.40134411284751 -3.68188639330818 -12.5566466969507 -1.03438486867477 2.40134411284751 -1.03438486867477 -5.98372006309331
-12.1760078985919 -4.17005487114395 -3.7337180038322 -4.17005487114395 1.27863271876798 -3.2366253701859 -3.7337180038322 -3.2366253701859 7.32935472054043
5.80853354123541 2.6016534013077 -6.49317917315849 2.6016534013077 10.9680230234077 -3.11102975145847 -6.49317917315849 -3.11102975145847 1.08721726349385
-12.4853955108967 -1.09597351141176 -4.20984366170075 -1.09597351141176 7.84314542657943 2.40135139100889 -4.20984366170075 2.40135139100889 -1.78673597269857
-8.49611284091957 -5.73708054909098 0.230393418183624 -5.73708054909098 -6.46523752507873 -7.33561266043909 0.230393418183624 -7.33561266043909 -3.93090992505887
10.7269411236437 3.11427322944494 7.53778072698987 3.11427322944494 3.70562361878399 -0.17817981163491 7.53778072698987 -0.17817981163491 13.3350803954011
-4.28785558615237 11.3975261284751 2.44089499761099 11.3975261284751 4.3705553139975 -1.64898245218484 2.44089499761099 -1.64898245218484 5.83659594397946
-5.62173844672793 -3.44374241564267 -4.27331943795394 -3.44374241564267 -5.8241438370513 -2.11527886788647 -4.27331943795394 -2.11527886788647 -12.9339895196778
0.0955025961017943 4.19231909041723 -5.53180422035778 4.19231909041723 -4.03314809691424 0.0979513806172249 -5.53180422035778 0.0979513806172249 3.64134257444534
-8.6011537562064 1.80334359994426 3.29886183432193 1.80334359994426 -8.19328514683067 4.09920778479506 3.29886183432193 4.09920778479506 -12.3232754681824
0.747235099337682 -0.694221798371157 4.76362375827772 -0.694221798371157 -4.85450370279177 -4.10474416055092 4.76362375827772 -4.10474416055092 -5.47299221406789
-16.2791937446801 4.59846983207209 8.22007703234612 4.59846983207209 -11.794506207789 0.396850444167959 8.22007703234612 0.396850444167959 -13.054436988574
-5.19781721558373 0.334350515445993 -1.49329555364836 0.334350515445993 8.76490645705969 -4.50860388313064 -1.49329555364836 -4.50860388313064 -4.47373297047676
-5.72051749502098 -2.35168158958571 -2.01609870788598 -2.35168158958571 -3.71222304019779 0.894887684532614 -2.01609870788598 0.894887684532614 -3.76164997626209
-8.05748768319563 -0.844216107787559 4.8097082838172 -0.844216107787559 -5.39833602869659 1.91820357212892 4.8097082838172 1.91820357212892 -3.49820436101573
1.89003799936113 -0.833093672490069 0.761553772636351 -0.833093672490069 -0.0161541709347105 4.22316183007431 0.761553772636351 4.22316183007431 -1.39387417779502
-3.78501472220459 0.485463480931103 -3.25687313305976 0.485463480931103 3.90504690155569 -6.70846513484464 -3.25687313305976 -6.70846513484464 -1.95785821430456
6.36407921974841 2.34062172853796 -6.22155892714422 2.34062172853796 10.5793909510029 -3.37937539963384 -6.22155892714422 -3.37937539963384 0.537191872123466
-14.8684379926261 5.10115631790899 0.619082521566651 5.10115631790899 4.47998230133705 -4.22063692068075 0.619082521566651 -4.22063692068075 -1.86770503972642
-8.76851774305955 1.45885122380136 3.64199125941958 1.45885122380136 -8.01854493082365 3.75500086126335 3.64199125941958 3.75500086126335 -10.9567945787616
-0.37735346038074 0.0628922433967899 0.645854961036266 0.0628922433967899 -2.00045712650559 3.062368466936 0.645854961036266 3.062368466936 -6.05942575803688
4.76675006566168 2.86059699867017 -6.74127304179921 2.86059699867017 11.9100381732396 -2.24526781635584 -6.74127304179921 -2.24526781635584 2.10579320169793
-0.132924818609362 0.579778464147216 1.50176763152279 0.579778464147216 6.82441675115723 6.10888528077066 1.50176763152279 6.10888528077066 -13.4197503042856
-5.66454292184614 11.105914387276 1.06821393745306 11.105914387276 5.03514926386323 -1.60232090617958 1.06821393745306 -1.60232090617958 3.51557732466945
-4.58761821985014 1.02107618121599 -6.89226422320792 1.02107618121599 -6.72128212682505 4.27455240957165 -6.89226422320792 4.27455240957165 -0.221554265735545
-5.95290311079292 -2.68815650945492 -0.148043401969981 -2.68815650945492 -3.15566198936012 0.932413707144265 -0.148043401969981 0.932413707144265 -1.50380929369507
