36.6064078224871 -6.25424749983101 -5.34163132281538 -6.25424749983101 42.2775501189506 -4.85221061195567 -5.34163132281538 -4.85221061195567 40.722064493347
24.7359365218006 0.634793199233881 0.839929932828545 0.634793199233881 33.5648923157253 1.99806409020944 0.839929932828545 1.99806409020944 24.0962975729543
28.4380892257295 -4.47747264192447 -1.31158289510919 -4.47747264192447 22.0158557393328 5.54676805641004 -1.31158289510919 5.54676805641004 18.5996022625398
14.2061226138982 -2.11113158116713 0.0419964966414272 -2.11113158116713 14.4952523407757 -0.894848428436565 0.0419964966414272 -0.894848428436565 10.442590414878
11.54419082678 -10.2616824293457 1.71216486307357 -10.2616824293457 33.9137862878233 -4.96204760317171 1.71216486307357 -4.96204760317171 17.0618843855152
5.91019927734547 -0.345663472356363 -3.6956917044456 -0.345663472356363 1.39396063852122 -0.759167439287339 -3.6956917044456 -0.759167439287339 5.1219573403833
29.7254433727764 -4.82313611428084 -6.99564719053928 -4.82313611428084 20.6025121023617 -1.78646635713148 -6.99564719053928 -1.78646635713148 49.2376618123318
35.7002526449548 -4.0510466760269 7.89211086884667 -4.0510466760269 20.5007513604998 -3.99612818041888 7.89211086884667 -3.99612818041888 24.9879155016492
70.8222458361546 -2.08690283310477 12.8525432221476 -2.08690283310477 54.5130678904434 -9.24084451098482 12.8525432221476 -9.24084451098482 66.2930851983637
15.0605897955641 0.807624935412062 0.878695929728324 0.807624935412062 24.8490040127583 10.1453844386463 0.878695929728324 10.1453844386463 32.4164496575694
11.1096886115283 -4.77952436776858 -2.65062503802239 -4.77952436776858 9.84010221306057 -0.4619614630557 -2.65062503802239 -0.4619614630557 24.3337393039654
33.0577038562865 -4.21903266259261 8.97109778255719 -4.21903266259261 24.2965885569365 -5.55484430576416 8.97109778255719 -5.55484430576416 31.0984057629769
25.7923099373196 -0.513649458922072 4.25618340962157 -0.513649458922072 12.976917462201 7.53837114713619 4.25618340962157 7.53837114713619 17.2831736178181
5.54030705692675 -2.49556105042327 -1.50702812947891 -2.49556105042327 -2.79922802613821 -0.906155177532334 -1.50702812947891 -0.906155177532334 10.0274711980762
7.54321689674866 -4.82798186389331 0.201906233853016 -4.82798186389331 9.50251499005832 0.318204224552353 0.201906233853016 0.318204224552353 10.8173283849092
8.50913631950149 -2.13859082897114 -0.111452241086865 -2.13859082897114 -0.151833487857468 -1.22597465195551 -0.111452241086865 -1.22597465195551 18.4606907736489
21.7558005101301 -0.718786192516735 1.31642864472166 -0.718786192516735 26.3786456404288 -3.53093621762154 1.31642864472166 -3.53093621762154 24.291742807324
24.787624517667 -3.22888449177742 -2.64900978815156 -3.22888449177742 7.20724492361724 -1.72670211191099 -2.64900978815156 -1.72670211191099 29.6802163763933
26.1977376548965 2.23712107109141 7.95349036393799 2.23712107109141 12.0239200384148 9.35714250168415 7.95349036393799 9.35714250168415 25.0848304938987
38.4397164258725 -3.10289500185314 -2.2096618232874 -3.10289500185314 46.6290332709508 -7.6191336406774 -2.2096618232874 -7.6191336406774 30.9271892766695
20.5928206031368 -9.74480247068194 0.502342709826303 -9.74480247068194 34.1221535211596 0.75593693954569 0.502342709826303 0.75593693954569 16.7097599136756
26.6774668665312 -1.63786336901566 -3.02374775818276 -1.63786336901566 40.4167822677612 -6.30593549569738 -3.02374775818276 -6.30593549569738 27.7338402820502
32.0869386839212 -3.34195198273511 5.72606079207152 -3.34195198273511 38.8629118920284 -8.83864729314961 5.72606079207152 -8.83864729314961 41.7816684086076
6.86481195100253 -3.75545594966609 -1.67016836643214 -3.75545594966609 -0.75593693954569 -0.547569706209378 -1.67016836643214 -0.547569706209378 18.7934322470387
11.9399270451319 3.33387573338099 -6.75335970991567 3.33387573338099 12.8977702185306 -0.794702936445469 -6.75335970991567 -0.794702936445469 7.41238165721191
20.783420087894 5.00242884994231 -8.11340010114958 5.00242884994231 29.7529026205804 -1.65724636746555 -8.11340010114958 -1.65724636746555 17.8000535764819
20.0258678984775 -4.99919835020067 -2.53432704732305 -4.99919835020067 29.958039354175 -2.86706852071282 -2.53432704732305 -2.86706852071282 26.6483923688564
8.77080679857499 -3.8765996899779 0.0355354971581307 -3.8765996899779 9.1730040164102 -0.0872234930245027 0.0355354971581307 -0.0872234930245027 6.47392148226309
7.5189881486863 -2.1224383302629 1.71054961320275 -2.1224383302629 21.3842930398406 12.8800024699516 1.71054961320275 12.8800024699516 36.1605988581397
4.02681792796454 -3.39040947885984 1.59909737211588 -3.39040947885984 1.30350664575507 -1.34388789252567 1.59909737211588 -1.34388789252567 19.6414384292214
37.9082992183714 -5.32870932384879 9.80456671590244 -5.32870932384879 36.2623596000016 -9.38621699935899 9.80456671590244 -9.38621699935899 43.3355387843404
21.4327505359653 -8.1214763505037 1.03699041706909 -8.1214763505037 47.8663146720021 -7.05864193550143 1.03699041706909 -7.05864193550143 20.8948723289809
21.1177768111546 -7.79681112646805 -0.650945697942122 -7.79681112646805 29.5138456396984 -2.54886429616047 -0.650945697942122 -2.54886429616047 35.0428459475294
57.097467683762 -2.99628851037875 8.2086998435282 -2.99628851037875 34.3870544999748 -5.0751150941294 8.2086998435282 -5.0751150941294 41.4812319326343
25.016989999324 -3.79583719643669 -5.7115235432341 -3.79583719643669 8.40899082751039 -1.69924286410698 -5.7115235432341 -1.69924286410698 49.4121087983808
24.7294755223173 -0.547569706209378 -3.27734198790215 -0.547569706209378 22.9203956669943 -3.74737970031197 -3.27734198790215 -3.74737970031197 25.9926009213018
33.732878302291 -5.21887233263275 2.25973456928295 -5.21887233263275 37.6240152411063 -3.06574425482419 2.25973456928295 -3.06574425482419 19.4605304436891
29.7852076179969 3.48086347162599 7.95833611355046 3.48086347162599 16.485240181631 8.09886285231216 7.95833611355046 8.09886285231216 31.4149947376584
88.2443309428636 -3.52932096775071 17.5125390994752 -3.52932096775071 69.8886314108182 -14.3224206045975 17.5125390994752 -14.3224206045975 84.4711072446184
4.44516764450799 -5.81489953496685 2.43902730494443 -5.81489953496685 11.3180558448646 -1.70408861371945 2.43902730494443 -1.70408861371945 15.906980727876
19.3393867033772 -0.692942194583549 -0.566952704659268 -0.692942194583549 5.94411952463278 -0.562106955046795 -0.566952704659268 -0.562106955046795 13.8895336392166
33.1643103477609 0.077531993799558 -1.08383266332299 0.077531993799558 23.4388908755289 -1.89630334834752 -1.08383266332299 -1.89630334834752 18.1279493002592
9.3603730014258 -7.13940442904263 2.45679505352349 -7.13940442904263 21.5878145235644 6.72266996237001 2.45679505352349 6.72266996237001 19.9160309072615
36.8793850506564 2.24035157083306 6.00711426959492 2.24035157083306 26.2171206533464 2.28234806747449 6.00711426959492 2.28234806747449 24.7860092677962
5.38039731971516 -4.23195466155921 3.39525522847231 -4.23195466155921 18.2717065387625 10.9594703735417 3.39525522847231 10.9594703735417 29.6995993748432
45.4353636164118 -3.98805193106476 6.48038248174639 -3.98805193106476 23.5874938636447 -4.20288016388437 6.48038248174639 -4.20288016388437 28.0100480099611
13.3548859319739 -6.17833075590228 0.631562699492233 -6.17833075590228 15.924748476455 -0.250363729977739 0.631562699492233 -0.250363729977739 22.5892694434754
34.1479975190928 -7.71443338305602 -6.45292323394238 -7.71443338305602 36.800237806986 3.57777846387544 -6.45292323394238 3.57777846387544 27.9955107611237
25.4159567174176 -4.16895991659706 -3.49378547059258 -4.16895991659706 4.33371540342113 -1.66209211707802 -3.49378547059258 -1.66209211707802 39.1294281207144
24.0171503292839 -2.77015352846337 -4.74398887061045 -2.77015352846337 37.9648329638502 -3.18204224552353 -4.74398887061045 -3.18204224552353 32.3049974164825