0.838440174727688 -3.29921157910919 1.28493482199231 -3.29921157910919 -6.32163688366973 -3.42245218310531 1.28493482199231 -3.42245218310531 -2.24055458740483
0.692151645267273 -2.56946797921845 2.40899706704755 -2.56946797921845 -0.467879045124804 0.527813964128395 2.40899706704755 0.527813964128395 5.26653933438003
-11.5364570165546 2.13145619056936 1.75041374309327 2.13145619056936 1.19671143660458 5.06270460162237 1.75041374309327 5.06270460162237 -8.23210454234794
-1.21963498701862 1.37802914117688 0.277189769776959 1.37802914117688 9.3056565567979 0.508841220233417 0.277189769776959 0.508841220233417 -0.512801074087373
16.3538578343441 5.13340698770355 -3.46592588210384 5.13340698770355 13.4726570744473 2.94760487472162 -3.46592588210384 2.94760487472162 10.5803889620796
2.34789320361068 -0.362413390764801 0.818352817856003 -0.362413390764801 8.3101780194187 -0.91577577236267 0.818352817856003 -0.91577577236267 16.3865409480214
-2.9855577991397 -1.68948621944628 -0.766858993223842 -1.68948621944628 8.03804022845303 2.03297514349446 -0.766858993223842 2.03297514349446 4.46735304125452
-3.81114527358306 -2.05153990068007 0.537879369671481 -2.05153990068007 -0.459896858826917 -0.217951120052756 0.537879369671481 -0.217951120052756 -5.01687486433363
2.32064796772977 1.60148883189685 6.706108580358 1.60148883189685 -1.66998017816665 2.92296892463186 6.706108580358 2.92296892463186 0.924633174642332
-13.0731546135434 -1.03991002607732 0.282045990509583 -1.03991002607732 -7.97479655608776 -2.36617208832086 0.282045990509583 -2.36617208832086 -11.0536192005817
-8.67795544223028 3.13161883733187 -1.61251968666764 3.13161883733187 -2.1689811402532 -2.64420734514014 -1.61251968666764 -2.64420734514014 -8.5175158260505
12.3359009256509 4.11380021952157 -2.02023522366879 4.11380021952157 8.66207933923326 2.05140037684699 -2.02023522366879 2.05140037684699 11.021464759253
0.514612853030362 -3.75506566195592 2.47255394229432 -3.75506566195592 -6.05474184893535 -0.635225240459353 2.47255394229432 -0.635225240459353 1.43327720394784
-9.06435696615916 -3.94433129661211 1.32368387442324 -3.94433129661211 -8.65944124680919 0.446023914207832 1.32368387442324 0.446023914207832 -1.17774978267782
1.94183323233696 -3.56485802354397 0.03105277023993 -3.56485802354397 -3.10320683931034 2.43660737149318 0.03105277023993 2.43660737149318 -5.63090233684064
12.384849524192 -0.736722373947829 -1.07964685491587 -0.736722373947829 11.7197267671496 -0.00753680177951743 -1.07964685491587 -0.00753680177951743 11.3824548875162
-6.28085926744132 2.80081574203331 1.31051007615824 2.80081574203331 -7.93098323528691 -2.19750165209461 1.31051007615824 -2.19750165209461 1.88785369202673
4.35971811974379 2.75928902395577 2.10833729328551 2.75928902395577 0.976427596005386 1.49055507755387 2.10833729328551 1.49055507755387 11.3232431621686
0.679271153608607 3.18639922965492 -2.85705564002651 3.18639922965492 -3.13905608864584 1.03949070476469 -2.85705564002651 1.03949070476469 -0.714263910006626
12.1079565092195 -0.726777092446963 1.01898643889471 -0.726777092446963 17.0268138410899 -1.93120407812582 1.01898643889471 -1.93120407812582 7.48318166063304
6.30603034565533 3.02130694408929 0.935926655731756 3.02130694408929 1.18936521709195 3.50024595768337 0.935926655731756 3.50024595768337 -8.49118959517829
-6.98077549552634 -0.525775286868137 -1.75680738423409 -0.525775286868137 0.432867204048064 -2.01230461198929 -1.75680738423409 -2.01230461198929 -9.29503137668087
-2.69048492041947 -1.56637820709353 1.98407906231847 -1.56637820709353 2.90343045445572 -4.53737791754152 1.98407906231847 -4.53737791754152 -9.26722583700041
-8.6417585697227 2.18116066878412 4.61533597514721 2.18116066878412 -6.62418495109739 3.52475564075515 4.61533597514721 3.52475564075515 -9.27647632433888
-0.0899148050873878 -3.15101439161801 -2.50362779498882 -3.15101439161801 1.86623173225823 1.12693222376193 -2.50362779498882 1.12693222376193 1.97213139158337
-1.55652518140167 2.0260802746358 -3.12304089670194 2.0260802746358 8.26017342736136 -2.14197046785955 -3.12304089670194 -2.14197046785955 3.97223627808282
-4.89536161031333 -3.59459409671579 -1.57450814241915 -3.59459409671579 -0.565464218660683 2.97318288822296 -1.57450814241915 2.97318288822296 5.53675388660337
-1.50657251190868 7.50289095784758 -2.25985876786301 7.50289095784758 -6.53181106290379 2.30981143735601 -2.25985876786301 2.30981143735601 -0.557471791541804
4.70753957301968 -0.891155623754999 5.46082582897402 -0.891155623754999 2.33378871871264 0.497528588150212 5.46082582897402 0.497528588150212 2.54159182380349
4.61962287471201 0.29771791017824 2.8053419187265 0.29771791017824 -1.0030496034193 1.50657251190868 2.8053419187265 1.50657251190868 10.3821628274237