-0.436809141737194 1.87777722999667 -4.5714336040427 1.87777722999667 -2.21417047708164 -3.88358472567494 -4.5714336040427 -3.88358472567494 4.968076387919
0.0711280043647997 -1.00348157509258 -1.30913975601158 -1.00348157509258 -1.28799359255178 0.665142959735694 -1.30913975601158 0.665142959735694 2.24149332673936
1.86565959219168 1.60539492532516 -0.631335082993042 1.60539492532516 4.50438255131362 -3.57928338888708 -0.631335082993042 -3.57928338888708 -0.456107386488851
4.89201179932827 2.85849801883826 5.85208117611952 2.85849801883826 -1.51005886902342 -1.62825836516104 5.85208117611952 -1.62825836516104 -0.513805973006372
0.456261253797616 -0.256146668798661 0.157423473532511 -0.256146668798661 2.65752168878611 3.32190211098264 0.157423473532511 3.32190211098264 5.60587657443737
-4.9558529425405 3.52980233341454 -0.452672945649159 3.52980233341454 3.79146299563949 -2.69248821429471 -0.452672945649159 -2.69248821429471 -2.19794956268956
-4.57307256501567 -4.04917881248654 -4.54707783683674 -4.04917881248654 0.275944037591676 2.11357136039421 -4.54707783683674 2.11357136039421 7.5144760381849
-9.37885338578545 0.99661944450823 -0.752115474122211 0.99661944450823 -4.68809786696672 -0.143513200009185 -0.752115474122211 -0.143513200009185 0.0345494740762853
-2.10407039691387 -0.132152204732275 -2.75446654177272 -0.132152204732275 -2.96953777692525 -0.722950296476565 -2.75446654177272 -0.722950296476565 4.34547543796129
0.800098799998291 2.42390587278171 1.18572018884993 2.42390587278171 6.37718092719949 3.92704230687686 1.18572018884993 3.92704230687686 -3.5492907422875
-1.64618097087281 1.85638981789969 -3.04393330435022 1.85638981789969 -6.11789644398999 -3.54079057914102 -3.04393330435022 -3.54079057914102 3.7155096208257
-7.08413347351771 0.871643476680436 3.56236899165048 0.871643476680436 -1.16670291443872 -4.44213337028757 3.56236899165048 -4.44213337028757 2.71508822083999
5.38487191244851 -1.29649119031359 0.304351906044041 -1.29649119031359 11.8936890527289 -3.29994153246177 0.304351906044041 -3.29994153246177 9.74645040851272
-6.52049890261015 -2.26952129434367 -2.79719172576876 -2.26952129434367 -8.30542490278791 0.764583686350654 -2.79719172576876 0.764583686350654 -10.0715055304148
0.30611300594566 0.741841428823265 1.66569599631692 0.741841428823265 -0.888003494725247 2.40477965031185 1.66569599631692 2.40477965031185 -2.76053260316761
-8.70475639717899 0.227421563529902 -3.10286661965509 0.227421563529902 5.94171510233869 0.520194151062648 -3.10286661965509 0.520194151062648 -7.29578831967765
-3.41200910876623 -1.46974627471009 -3.73617744599201 -1.46974627471009 -7.46411332408844 1.60435855033774 -3.73617744599201 1.60435855033774 2.80762746309105
-0.365210050357815 -0.388357166225564 -4.08675190153921 -0.388357166225564 0.660978753112383 -0.486089433222725 -4.08675190153921 -0.486089433222725 1.16764340043977
-0.692516153344886 -4.068849487052 0.712809666996018 -4.068849487052 -9.44916729380842 -3.49555772640752 0.712809666996018 -3.49555772640752 -0.215618582543279
-7.20823612528556 -0.486891725853916 -2.79822830950526 -0.486891725853916 0.926213570446242 -2.15463579831905 -2.79822830950526 -2.15463579831905 -9.40484534824719
-3.78559826140092 -4.01887022392529 -0.44625940656836 -4.01887022392529 12.2391713380993 -2.0766275794289 -0.44625940656836 -2.0766275794289 0.347372378976507
-8.1184826709036 -2.04157812282258 -5.17317267866881 -2.04157812282258 -3.89435432306601 4.40034347557814 -5.17317267866881 4.40034347557814 1.90564073856559
0.932303088689306 2.92856013449955 -2.61689685413079 2.92856013449955 7.42887043292776 -3.91191151911132 -2.61689685413079 -3.91191151911132 -4.65076843377864
-6.84669134526363 -0.608594786245656 -5.64524129310626 -0.608594786245656 -6.42697080302525 2.75966256521737 -5.64524129310626 2.75966256521737 -0.76336673619606
3.95239882484223 4.14950679732465 -1.74581347055855 4.14950679732465 4.968656812836 2.17330738490353 -1.74581347055855 2.17330738490353 2.75695177095537
6.67291905001759 0.0270236814290559 0.295330232760397 0.0270236814290559 -6.3775888172572 0.638917039501251 0.295330232760397 0.638917039501251 8.27117678025033
4.97940107408225 2.13814084105927 0.388565979769424 2.13814084105927 2.04768103624522 1.1348593694853 0.388565979769424 1.1348593694853 1.33839393031691
11.972392128027 1.62556186221056 0.0838583500346719 1.62556186221056 -0.152665201345172 -0.0623562090001406 0.0838583500346719 -0.0623562090001406 4.14776300556108
-0.339152970577167 1.55041357978133 4.12313111373098 1.55041357978133 -10.399883590627 -0.700108632120009 4.12313111373098 -0.700108632120009 -6.55291989579454
6.33172494417595 2.83603497499592 -1.8706274835075 2.83603497499592 4.32627746185711 -2.6988074762058 -1.8706274835075 -2.6988074762058 2.45805747832838
-9.73779198886993 6.90858497943913 1.26709784012114 6.90858497943913 3.19192585679372 -1.77006797513106 1.26709784012114 -1.77006797513106 -12.48961897753
-1.26469982375082 0.573581332704833 -3.93279331809502 0.573581332704833 -2.87966037935828 -3.2181673953808 -3.93279331809502 -3.2181673953808 0.496006808199671
-4.60988396151436 0.103265637276887 4.77404984641608 0.103265637276887 -7.49337829470743 0.341570954069703 4.77404984641608 0.341570954069703 1.81376824447865
-13.6670770300871 -1.7941232786987 5.69708111586783 -1.7941232786987 -4.19346055695842 6.62238607519669 5.69708111586783 6.62238607519669 3.09062615775833
4.24985342205889 -5.1704830772015 -0.342979675445286 -5.1704830772015 -5.75329064600326 -2.49885192110137 -0.342979675445286 -2.49885192110137 0.52865288320514
29.3056502773309 -1.88451545769028 -5.25814888279404 -1.88451545769028 25.3771848900645 6.28171819230094 -5.25814888279404 6.28171819230094 24.7936547229624
22.4056905019213 -2.61388749023295 -5.23106703020172 -2.61388749023295 9.45805889098146 -0.327558948713072 -5.23106703020172 -0.327558948713072 20.9324982451464