11.8589244940349 -0.460185574618338 -11.8127133903075 -0.460185574618338 -1.23037063674108 2.16999641253082 -11.8127133903075 2.16999641253082 2.97676526510439
9.84489055658394 0.0558384170038987 -11.3024657866512 0.0558384170038987 -1.5461465122114 2.67639309087652 -11.3024657866512 2.67639309087652 2.56086533155811
6.86042344085832 0.152111549769241 -10.1856974465732 0.152111549769241 1.29776182967682 2.20850566563696 -10.1856974465732 2.20850566563696 7.1357646005672
-2.69949864274021 -0.787514226020503 -4.59607935821746 -0.787514226020503 3.29639206588533 1.73484185243147 -4.59607935821746 1.73484185243147 7.32831086609788
7.00675860266164 -0.504471215690395 -9.76594658771636 -0.504471215690395 -0.762483211501514 1.94856820717053 -9.76594658771636 1.94856820717053 2.46266673613746
-6.19228789946684 -2.27397139591739 -2.01595940010627 -2.27397139591739 -1.25540165126007 1.74639462836332 -2.01595940010627 1.74639462836332 3.708441074121
-2.40297739382295 -1.01664428200202 -7.30905623954481 -1.01664428200202 -3.72577023801876 2.20465474032635 -7.30905623954481 2.20465474032635 0.487142051792634
8.47588660866077 0.427452709478121 -7.30713077688951 0.427452709478121 -0.0115527759318411 1.20341415956678 -7.30713077688951 1.20341415956678 1.4325442155483
2.39912646851234 -0.0115527759318411 -8.43160096758871 -0.0115527759318411 -1.00701696872548 1.91776080468563 -8.43160096758871 1.91776080468563 4.11471369439074
9.33079202761701 -0.258011995811118 -6.35787768782323 -0.258011995811118 0.1405587738374 0.933849387823823 -6.35787768782323 0.933849387823823 7.94060799048546
-0.20794996677314 0.250310145189891 -6.1248967065311 0.250310145189891 1.37092941057848 1.73099092712086 -6.1248967065311 1.73099092712086 5.65315835598092
3.88943456371984 -1.00124058075956 -10.1452627308118 -1.00124058075956 -3.59483877745789 2.75533705974411 -10.1452627308118 2.75533705974411 1.11484287742267
5.08899779797601 0.533353155519998 -9.42899062303766 0.533353155519998 -1.28043266577906 1.80993489598844 -9.42899062303766 1.80993489598844 4.81558210092244
9.73513918523145 -1.17838314504779 -9.73706464788675 -1.17838314504779 -0.849129030990322 2.8381319539223 -9.73706464788675 2.8381319539223 2.66098938963407
8.97073051107463 -0.558384170038987 -10.2800451166833 -0.558384170038987 -0.404347157614439 2.22583482953472 -10.2800451166833 2.22583482953472 5.46831394107146
-3.4003670492719 -0.594967960489817 -4.8329112648202 -0.594967960489817 2.77459168629717 1.39210949978685 -4.8329112648202 1.39210949978685 4.57489926900908
0.643104526872489 -1.31509099357458 -4.79247654905876 -1.31509099357458 3.03067821945299 1.70210898729126 -4.79247654905876 1.70210898729126 6.19806428743276
19.92276209446 0.808694315228878 -16.09494233571 0.808694315228878 1.73869277774209 3.09614394973342 -16.09494233571 3.09614394973342 6.48880914838409
3.54477674841992 -0.2811175476748 -8.19284359833066 -0.2811175476748 -1.5461465122114 2.51657969048606 -8.19284359833066 2.51657969048606 2.72260419460389
4.17825396201587 0.10397498338657 -5.99396524597023 0.10397498338657 -2.641734763081 1.24577433798353 -5.99396524597023 1.24577433798353 3.50434203265847
2.02943763869342 0.475589275860792 -9.16327677660531 0.475589275860792 -1.87732608892418 1.35360024668072 -9.16327677660531 1.35360024668072 1.09173732555899
2.22390936687941 -0.444781873375883 -7.31483262751073 -0.444781873375883 1.1533521305288 1.54037012424548 -7.31483262751073 1.54037012424548 7.65949044281066
0.516023991622236 -0.980060491551188 -2.99409442900216 -0.980060491551188 4.87719690589226 1.02242066996794 -2.99409442900216 1.02242066996794 2.68987132946367
-4.33229097444042 -2.05446865321241 -3.61601886666627 -2.05446865321241 -2.68409494149775 1.83304044785212 -3.61601886666627 1.83304044785212 1.73484185243147
-6.19998975008806 -1.32471830685111 -3.41577075051436 -1.32471830685111 -1.68285436073819 1.54807197486671 -3.41577075051436 1.54807197486671 3.06918747255912
12.5751966018091 0.489067514447941 -8.29296765640661 0.489067514447941 -1.16490490646065 1.07055723635061 -8.29296765640661 1.07055723635061 4.72508535612302
2.58974727138772 -0.895340134717686 -6.94514379769182 -0.895340134717686 0.951178551721585 1.72906546446555 -6.94514379769182 1.72906546446555 3.81241605750757
7.54973907145817 0.200248116151913 -10.7479325419229 0.200248116151913 -1.48068078193097 2.41067924444418 -10.7479325419229 2.41067924444418 3.04608192069544
14.7682985662036 0.671986466702092 -14.0712810849825 0.671986466702092 1.50763725910527 2.85738658047537 -14.0712810849825 2.85738658047537 6.50036192431593
-4.92918439758554 -1.9119844167197 -2.90552314685804 -1.9119844167197 -1.03012252058917 2.20272927767104 -2.90552314685804 2.20272927767104 4.74626544533139
8.38924078917196 -1.29005997905559 -9.82178500472025 -1.29005997905559 -2.83620649126699 2.67831855353183 -9.82178500472025 2.67831855353183 0.891489209407073
0.650806377493716 0.671986466702092 -6.61396422097904 0.671986466702092 -2.91322499747927 1.2939109043662 -6.61396422097904 1.2939109043662 -1.39596042509747
1.37478033588909 -0.671986466702092 -6.62166607160027 -0.671986466702092 1.56347567610916 2.06409596648895 -6.62166607160027 2.06409596648895 7.96371354234914
-3.03067821945299 0.388943456371984 -4.93303532289616 0.388943456371984 -0.184844414909458 1.24384887532823 -4.93303532289616 1.24384887532823 -0.743228584948445
-5.91887220241326 -1.27080535250252 -4.66154508849789 -1.27080535250252 -2.83620649126699 1.67322704746165 -4.66154508849789 1.67322704746165 1.2072650848774
6.27893371895565 -1.16875583177126 -10.278119654028 -1.16875583177126 -2.90937407216865 3.01912544352114 -10.278119654028 3.01912544352114 2.1911765017392
-1.98322653496606 -0.0308074024849096 -6.58700774380474 -0.0308074024849096 0.340806889989313 1.24769980063884 -6.58700774380474 1.24769980063884 2.21813297891349
0.739377659637831 -1.37092941057848 -4.40353309268677 -1.37092941057848 3.48893833141602 2.05639411586772 -4.40353309268677 2.05639411586772 7.64023581625759
-0.0558384170038987 -0.693166555910467 -3.35223048288923 -0.693166555910467 1.01471881934671 1.09751371352491 -3.35223048288923 1.09751371352491 4.72315989346771
4.10508638111421 -1.19763777160086 -6.57160404256229 -1.19763777160086 1.71173630056779 2.57819449545588 -6.57160404256229 2.57819449545588 5.79564259247363
-3.73924847660591 -0.0442856410720576 -4.01266417365948 -0.0442856410720576 2.54546163031566 1.2650289645366 -4.01266417365948 1.2650289645366 1.24577433798353
0.872234582854004 -1.57502845204101 -6.71408827905499 -1.57502845204101 -3.55247859904114 2.25279130670902 -6.71408827905499 2.25279130670902 0.693166555910467
-3.27713743933226 -0.858756344266856 -4.6365140739789 -0.858756344266856 -1.38248218651032 1.98900292293198 -4.6365140739789 1.98900292293198 3.59291331480259
0.412049008235666 -1.41714051430584 -6.47340544714164 -1.41714051430584 -1.95049366982584 2.79384631285024 -6.47340544714164 2.79384631285024 3.6256461799428
0.652731840149023 -0.444781873375883 -6.86234890351362 -0.444781873375883 0.211800892083754 1.47297893130974 -6.86234890351362 1.47297893130974 6.17688419822438
3.18278976922223 -0.217577280049674 -4.9157061589984 -0.217577280049674 2.68409494149775 1.19378684629025 -4.9157061589984 1.19378684629025 1.03782437121039
6.75452299481644 0.598818885800431 -11.0367519402189 0.598818885800431 -2.5570144062475 1.63279233170021 -11.0367519402189 1.63279233170021 2.21620751625819
5.63390372942785 0.585340647213283 -7.74613626229947 0.585340647213283 -4.08390629190583 1.31124006826397 -7.74613626229947 1.31124006826397 0.535278618175305
-0.818321628505412 -1.22459424877516 -2.31055518636822 -1.22459424877516 4.36502383958064 0.953104014376892 -2.31055518636822 0.953104014376892 4.17247757404995
-2.98254165307031 -0.115527759318411 -4.26297431884937 -0.115527759318411 3.28291382729818 1.46912800599913 -4.26297431884937 1.46912800599913 3.71614292474223