0.0711279838321034 -1.00348128541508 -1.30913937809898 -1.00348128541508 -1.28799322074349 0.665142767727237 -1.30913937809898 0.665142767727237 2.23957030174055
-7.57932488117938 1.70672448898228 0.579394949408731 1.70672448898228 1.47077179465293 1.92432530708601 0.579394949408731 1.92432530708601 -0.508609141109927
0.0711279838321034 -1.00348128541508 -1.30913937809898 -1.00348128541508 -1.28799322074349 0.665142767727237 -1.30913937809898 0.665142767727237 2.23957030174055
-8.1324637725176 1.7255470589566 0.410969986560656 1.7255470589566 0.721831899471922 1.88097801541223 0.410969986560656 1.88097801541223 -3.62496603530425
-7.23601831855046 10.5633164110102 2.31591673395876 10.5633164110102 -0.554549682076622 2.87290936617668 2.31591673395876 2.87290936617668 1.32163602644693
13.3858098240288 1.65846536145583 1.84478029921432 1.65846536145583 -6.66010298635268 -9.76972553908236 1.84478029921432 -9.76972553908236 12.1130951083546
12.234897362202 1.77986114644102 1.97234983338945 1.77986114644102 -7.45695899575585 -9.55323990156415 1.97234983338945 -9.55323990156415 9.14453104571473
-0.458864795798201 -0.169190371635091 7.04190834669082 -0.169190371635091 -1.7303560735407 -3.77602147603771 7.04190834669082 -3.77602147603771 7.62382068549636
7.05703578808931 -3.51358763497254 8.10961905267386 -3.51358763497254 -2.92384240162375 -2.22709697825809 8.10961905267386 -2.22709697825809 -0.624582504517073
6.19584148488364 -3.50297575477078 8.13860534031326 -3.50297575477078 -3.61799137555554 -2.35031920734085 8.13860534031326 -2.35031920734085 -3.06541632787221
-0.396717819227422 1.1138615693693 1.87932351544273 1.1138615693693 -2.81008455286091 -6.47972438071457 1.87932351544273 -6.47972438071457 3.50688379945266
5.03972385710545 1.37233144449189 3.86605372648286 1.37233144449189 10.8218136765646 -1.41154091433451 3.86605372648286 -1.41154091433451 11.872627468347
4.17609037724259 1.3657654063938 3.75060192371221 1.3657654063938 10.1014110634434 -1.423547788972 3.75060192371221 -1.423547788972 8.77766920801556
-0.732224216800882 -0.971790979025973 -1.30988923216622 -0.971790979025973 -1.87209832738801 0.664604566172832 -1.30988923216622 0.664604566172832 -1.10509829026413
4.02920125790767 -2.30167486737979 3.07144030315912 -2.30167486737979 -7.95678331637252 2.88598526417598 3.07144030315912 2.88598526417598 -0.0990787194567459
-8.15304438875615 5.75640091219497 0.614016097300797 5.75640091219497 -3.47117164683757 -0.678388752662978 0.614016097300797 -0.678388752662978 3.67171722700436
-8.89587710295084 5.69674456536841 0.507482921980417 5.69674456536841 -4.05488805307882 -0.50499526059816 0.507482921980417 -0.50499526059816 0.512458244744931
7.27313347788481 4.73157305023871 -5.78882052321444 4.73157305023871 -4.78365420654293 0.341131573792664 -5.78882052321444 0.341131573792664 -4.0310814979469
2.94703142157991 7.28061295505858 -1.5580315745011 7.28061295505858 8.57162339493607 3.26059752462415 -1.5580315745011 3.26059752462415 0.269470869803649
2.28166684505436 7.26589053570709 -1.60233561610614 7.26589053570709 7.95752848981742 3.21697795737438 -1.60233561610614 3.21697795737438 -2.89946444819206
9.06642979290038 -4.84154485849093 2.01561157003491 -4.84154485849093 -3.78150135263186 -2.05128611109747 2.01561157003491 -2.05128611109747 0.486702667353562
0.334680419552243 -0.380667042086138 0.176282053046601 -0.380667042086138 2.37853030994762 -2.08983651292927 0.176282053046601 -2.08983651292927 4.65231331301247
-0.302889891037941 -0.351660297222017 0.210482805636536 -0.351660297222017 1.5709204518239 -2.32301145245201 0.210482805636536 -2.32301145245201 1.73519971475973
-1.67227735643089 -3.75049684976639 4.61088993238809 -3.75049684976639 6.27295490801635 -8.51201939899329 4.61088993238809 -8.51201939899329 1.72078616524339
-1.21847309612144 -0.825168489145531 -1.05845210406752 -0.825168489145531 -1.49417191375651 0.451143519766482 -1.05845210406752 0.451143519766482 -0.715274554843439
-13.9976193242572 1.70327361754608 0.63939087512244 1.70327361754608 -9.21943274294804 -5.04084092420181 0.63939087512244 -5.04084092420181 1.06122966825301
-14.5617885087692 1.67395262374283 0.645058176665231 1.67395262374283 -9.84113548862824 -5.19511729884519 0.645058176665231 -5.19511729884519 -2.0124748900093
-6.93293213345648 0.0642682005418909 -3.52939534642551 0.0642682005418909 -6.44288710432457 0.822097398598355 -3.52939534642551 0.822097398598355 4.95668496679334
7.16508178583276 0.855492865685396 -0.23690571665134 0.855492865685396 -7.95739979374447 3.19296260331195 -0.23690571665134 3.19296260331195 3.75100718031289
6.40783284223491 0.822466369762715 -0.150741424683199 0.822466369762715 -8.6848217308706 2.99367180248036 -0.150741424683199 2.99367180248036 0.716682913844681
-0.158575201207492 -4.24981539236077 -3.33251884383744 -4.24981539236077 -6.09660658180802 -1.40034100758616 -3.33251884383744 -1.40034100758616 4.61575816437806
-2.61056952897439 -1.80672847166556 -0.153112582344539 -1.80672847166556 5.61412801929976 3.70532449273784 -0.153112582344539 3.70532449273784 -1.00033553798432
-3.21493717135072 -1.83051446598438 -0.148697253539347 -1.83051446598438 4.93008307855457 3.51233167842941 -0.148697253539347 3.51233167842941 -3.9891883880556
-0.185689565197069 -1.80720407818555 1.84120357603854 -1.80720407818555 -4.1165545861998 -1.30505764835686 1.84120357603854 -1.30505764835686 -1.70782093061529
-3.11145917651261 -3.97386024565553 -3.08786765790383 -3.97386024565553 1.30015480332793 3.11932301604886 -3.08786765790383 3.11932301604886 2.67894800201844
1.80765166053483 -1.646669806646 3.20024167369364 -1.646669806646 -3.68900585658503 2.18004341892827 3.20024167369364 2.18004341892827 11.8932617836905
-3.76841705296772 -3.88955414901001 -2.95995860764201 -3.88955414901001 0.258074682872702 2.95732519251066 -2.95995860764201 2.95732519251066 -0.200139549982912
-4.92949268270131 -4.47154728665751 -2.01338062053737 -4.47154728665751 -0.644808172590401 -0.255291398943954 -2.01338062053737 -0.255291398943954 -3.75041488139315
-1.02375054162787 0.107895277671565 -3.78135310351274 0.107895277671565 -2.3285306437026 -1.79407264035276 -3.78135310351274 -1.79407264035276 2.44395349888614
-1.72419699052273 0.103350989198 -3.59459781942311 0.103350989198 -3.28706560766321 -1.91577443391414 -3.59459781942311 -1.91577443391414 -0.393237910119218
2.89361216703376 -0.0811530143252239 0.37533269125416 -0.0811530143252239 2.2697483694086 -1.19193489790173 0.37533269125416 -1.19193489790173 4.43044737581769
-3.36630882522543 1.72523327292803 -2.94552022207225 1.72523327292803 3.54204994771881 -3.53957472064144 -2.94552022207225 -3.53957472064144 -1.25989058238216
-4.02826138761003 1.69833489366522 -2.82724271463741 1.69833489366522 2.64323571298115 -3.60305601891786 -2.82724271463741 -3.60305601891786 -4.12523805064509
4.91417605396442 0.145914029173917 2.02976837011574 0.145914029173917 -3.26222079510257 -0.216265436097055 2.02976837011574 -0.216265436097055 1.02660941954506
-3.9443201504102 0.843160429240567 -1.82467226018315 0.843160429240567 -3.88167045907344 0.811835583572186 -1.82467226018315 0.811835583572186 -1.41222845888281
-4.5208858705602 0.826031931105837 -1.73597821711766 0.826031931105837 -4.67035831523649 0.69753807515604 -1.73597821711766 0.69753807515604 -4.47892869310721
1.03112128420904 -1.60613220829536 3.11480493793203 -1.60613220829536 -4.2706743548242 2.16944799494265 3.11480493793203 2.16944799494265 8.27041135897722
6.62260717617192 2.60793519190647 0.579244561559575 2.60793519190647 -0.702033731291098 0.774105635263948 0.579244561559575 0.774105635263948 1.24123834619909
6.37232933048556 1.67720549209975 -1.66931894589865 1.67720549209975 -4.01162316762416 0.0262884873369866 -1.66931894589865 0.0262884873369866 -5.95697123056117
5.79127067293296 1.61616855988827 -1.5131774261699 1.61616855988827 -4.81681610005915 -0.0660199575117757 -1.5131774261699 -0.0660199575117757 -8.81498472697229
-0.665972761740365 0.434330062004586 0.41063933134979 0.434330062004586 -7.11511610665694 1.31088709623202 0.41063933134979 1.31088709623202 -6.62024306631232
-5.6034775647285 -0.981998193913214 -0.886709959463414 -0.981998193913214 -0.426150159622715 1.47167384316913 -0.886709959463414 1.47167384316913 -8.53623766946123
-6.15794749439075 -0.981123758821324 -0.797661592537662 -0.981123758821324 -1.13533833337861 1.3320948595379 -0.797661592537662 1.3320948595379 -11.3666776936617
-0.784909369464909 0.779988307587386 0.58560636342523 0.779988307587386 -2.34734651557844 -1.65347679084771 0.58560636342523 -1.65347679084771 -5.7281160254367
-2.66670883691867 -1.22202064991999 -1.18756019775305 -1.22202064991999 -1.46854542311426 -1.47384703113994 -1.18756019775305 -1.47384703113994 -6.48121581139776
-3.20061913013346 -1.23018805168191 -1.10503905075323 -1.23018805168191 -2.21540359090769 -1.54705467105453 -1.10503905075323 -1.54705467105453 -9.3196064521357
-7.572575118365 -2.60595758165957 -1.99403231956947 -2.60595758165957 -7.73346926055248 4.46547184792474 -1.99403231956947 4.46547184792474 -6.52016917192556
-2.94766959563001 1.00888088638107 -5.16878700693863 1.00888088638107 12.8193025347794 2.69693011897562 -5.16878700693863 2.69693011897562 -14.2092284526116
5.84520884143256 -3.57745126999621 -2.66780019920658 -3.57745126999621 -0.402590669985329 1.14407095457856 -2.66780019920658 1.14407095457856 -2.49708137079508
5.20339884676755 -3.55766079537968 -2.50315989775635 -3.55766079537968 -1.15943909374604 0.993073660868572 -2.50315989775635 0.993073660868572 -5.49261875315453
-3.00784248090656 -0.436813746240574 -0.705074362138317 -0.436813746240574 -2.56865474691468 -4.15685255253937 -0.705074362138317 -4.15685255253937 -3.39717647212098
-3.36184682939372 0.0788548904470772 -1.85308992550631 0.0788548904470772 6.04817009729082 2.78357763278182 -1.85308992550631 2.78357763278182 -3.68515188022674
4.23543845745132 -3.22159505589874 0.827906870379809 -3.22159505589874 -13.5733667756122 2.38977373223108 0.827906870379809 2.38977373223108 14.2388238345464
3.43030157687237 -3.1706686593568 0.755295760045292 -3.1706686593568 -14.108688767721 2.40160448701901 0.755295760045292 2.40160448701901 10.4502249300017
-1.81819140743236 2.16914002151691 -3.83465886801984 2.16914002151691 -2.39120920105063 3.84060714961449 -3.83465886801984 3.84060714961449 -5.17103946628528
0.0711279838321034 -1.00348128541508 -1.30913937809898 -1.00348128541508 -1.28799322074349 0.665142767727237 -1.30913937809898 0.665142767727237 2.23957030174055
-0.180448255041034 -5.40374613214279 -0.506419296405482 -5.40374613214279 0.880897933211068 3.0346351707976 -0.506419296405482 3.0346351707976 11.1373439132853
-0.980780479239398 -5.35042074559226 -0.503064341240089 -5.35042074559226 0.284679821011833 3.08078162464861 -0.503064341240089 3.08078162464861 7.49526871211977
3.94013616562098 -1.39029122270795 1.11066865611549 -1.39029122270795 7.49114722108882 0.895574374121295 1.11066865611549 0.895574374121295 3.54905565290426
-3.07077318642385 3.65309172374439 -5.04743230445653 3.65309172374439 8.35193888302288 0.292166740178122 -5.04743230445653 0.292166740178122 -9.85911627373485
-3.81476158176245 3.64467667047368 -5.04382754786107 3.64467667047368 7.72671454140419 0.303723055872806 -5.04382754786107 0.303723055872806 -12.7502938855404
-3.86586861118508 -2.27576398788814 0.0195344548316578 -2.27576398788814 -11.8789019831311 3.49471396938359 0.0195344548316578 3.49471396938359 5.82126753983403
-9.91092273363969 4.8674425148337 1.12444083412298 4.8674425148337 -2.70878016987355 -1.15304696101847 1.12444083412298 -1.15304696101847 -12.1796086435825
-10.6049413875657 4.86022960172425 1.15203804481271 4.86022960172425 -3.33007542320142 -1.15867166119359 1.15203804481271 -1.15867166119359 -14.9742833771049
-2.47189857849288 -0.293844043741594 6.42590527234906 -0.293844043741594 0.732032530022918 -2.13681326545422 6.42590527234906 -2.13681326545422 7.24042034096611