-18.0543346253534 -3.23544871476666 7.68207957331622 -3.23544871476666 -7.6169363106028 0.962672660098358 7.68207957331622 0.962672660098358 4.1884705211297
-4.30428076595356 6.56740596688654 -2.34515745768322 6.56740596688654 28.8077983999358 -3.27405212970795 -2.34515745768322 -3.27405212970795 18.6526875569434
-57.5070246953493 1.89639275899075 7.65071429867643 1.89639275899075 -36.5067669672889 -1.78058251416689 7.65071429867643 -1.78058251416689 -8.79192775287824
-16.9999788547695 8.51446570798774 -2.38134815919068 8.51446570798774 5.97146574873042 -6.06797428608364 -2.38134815919068 -6.06797428608364 -4.18605780769587
-19.4705974110119 8.04398658839079 -3.6263082910472 8.04398658839079 31.6427366846866 -2.61538136227223 -3.6263082910472 -2.61538136227223 18.942213169003
-4.53590125560129 1.38489751101869 0.646607200266567 1.38489751101869 24.6386295862768 0.139937379162167 0.646607200266567 0.139937379162167 2.1617912367121
-39.0763067743183 1.23772199155503 2.86147813252294 1.23772199155503 -14.587265420939 -0.832386134671513 2.86147813252294 -0.832386134671513 -2.60090508166925
-22.2621068539538 14.1143735879083 -4.4659325660202 14.1143735879083 14.6910120985937 -1.74921723952709 -4.4659325660202 -1.74921723952709 7.4745862180068
-32.8297916941312 1.24496013185652 8.99942110818766 1.24496013185652 -13.349543429384 0.504257107670569 8.99942110818766 0.504257107670569 6.68562892514424
-68.1953452072183 -3.22579786103134 4.70237848253559 -3.22579786103134 -50.1217088743942 -1.46934248120276 4.70237848253559 -1.46934248120276 -18.9084351809294
-32.3231218730268 0.651432627134227 -0.931307385458562 0.651432627134227 17.5524902311167 -0.0482542686766094 -0.931307385458562 -0.0482542686766094 5.98111660246574
-12.3313783603075 4.00510430015858 7.22366402088843 4.00510430015858 -5.03292022297036 -3.89170676876855 7.22366402088843 -3.89170676876855 -4.84231586169776
-11.1370852105615 4.56485381680725 8.58202168413499 4.56485381680725 -10.4856525834272 -2.42960242786729 8.58202168413499 -2.42960242786729 -2.99417737138362
-7.34429969257996 4.17640695396055 9.27688315307817 4.17640695396055 -9.0814533649379 -2.00737757694695 9.27688315307817 -2.00737757694695 3.9665008852173
-13.4653536742079 0.81790985406853 -1.10984817956202 0.81790985406853 10.0537768787716 -1.20394400348141 -1.10984817956202 -1.20394400348141 5.20663559020616
-27.4904568650644 5.28384242008873 7.94747805103757 5.28384242008873 -29.7801219137695 -1.53448574391618 7.94747805103757 -1.53448574391618 -5.38517638430961
-0.35949430164074 3.0641460609647 4.31634433312272 3.0641460609647 11.400070974849 0.086857683617897 4.31634433312272 0.086857683617897 -0.337779880736266
-9.16831104855579 2.12077510833698 4.80371244675647 2.12077510833698 4.68307677506495 -5.68435285010459 4.80371244675647 -5.68435285010459 3.10274947590599
-46.4278446071998 1.75886809326241 6.08486328012045 1.75886809326241 -28.3011285788314 -2.45614227563942 6.08486328012045 -2.45614227563942 -8.63268866624543
-22.6770935645726 2.01461571724844 3.10033676247216 2.01461571724844 -12.4785538797712 -2.9531612430085 3.10033676247216 -2.9531612430085 -5.31520769472853
-30.2409501796311 5.5661298918469 9.81974367569002 5.5661298918469 -28.1008733638235 0.883053116781953 9.81974367569002 0.883053116781953 -6.9437892625641
-19.1400556705771 2.17868023074892 0.685210615207854 2.17868023074892 0.875814976480461 -0.393272289714367 0.685210615207854 -0.393272289714367 -10.8330833178988
-0.224382349346234 4.44663085854956 -0.0144762806029828 4.44663085854956 6.55534239971739 -2.67811191155182 -0.0144762806029828 -2.67811191155182 2.16902937701359
-24.8557737953215 4.82301415422711 1.65270870217387 4.82301415422711 -22.3923933793806 -4.68066406163112 1.65270870217387 -4.68066406163112 -5.91597333975232
-11.9453442108947 -1.3776593707172 0.15441365976515 -1.3776593707172 26.5205460646646 -2.38134815919068 0.15441365976515 -2.38134815919068 7.63141259120578
-32.5933457776158 6.86658243268152 6.38886517278309 6.86658243268152 -19.1304048168418 2.06045727249122 6.38886517278309 2.06045727249122 -11.0647038075465
-16.2785775380542 6.36473803844479 -5.12942876032358 6.36473803844479 15.7912094244204 -1.25461098559185 -5.12942876032358 -1.25461098559185 7.75446097633114
-13.6149419071054 9.44818580688013 2.97246295047914 9.44818580688013 3.18960715952388 -1.88915461868926 2.97246295047914 -1.88915461868926 -7.17782246564566
-28.564114343119 -1.18705500944459 6.18137181747367 -1.18705500944459 4.86403028260223 -0.267811191155182 6.18137181747367 -0.267811191155182 4.36701131523315
-58.8267789436546 -2.83735099818464 4.05094585540136 -2.83735099818464 -37.6552185617922 -1.48381876180574 4.05094585540136 -1.48381876180574 -18.9952928645473
-29.630533680872 11.4410871032241 1.37283394384954 11.4410871032241 -2.18350565761658 1.19911857661374 1.37283394384954 1.19911857661374 -4.37424945553465
-2.88801798029507 0.431875704655655 1.81918592910818 0.431875704655655 10.6255899625894 -2.7866840160742 1.81918592910818 -2.7866840160742 8.43725887810516
-60.1344696247907 1.59239086632811 7.10544106263074 1.59239086632811 -37.7734415200499 -1.5200094633132 7.10544106263074 -1.5200094633132 -10.9681952701933
-70.2968186080846 -3.29335383717859 4.95812610652162 -3.29335383717859 -53.8734782640006 -1.43073906626147 4.95812610652162 -1.43073906626147 -18.1822084373464
-13.4074485517959 4.50453598096149 9.46024937404928 4.50453598096149 -10.8837503000093 2.14972766954295 9.46024937404928 2.14972766954295 -7.60487274343365
-34.0337356976126 -2.46579312937474 2.52128553835284 -2.46579312937474 8.2104638153251 0.183366220971116 2.52128553835284 0.183366220971116 1.21359485721673
-2.23899806659468 3.44535478350991 8.00055774658184 3.44535478350991 -1.32940510204059 -1.38731022445252 8.00055774658184 -1.38731022445252 2.89284340716274
-15.8853052483398 -2.88801798029507 2.55988895329413 -2.88801798029507 9.08386607837173 -1.76369352013007 2.55988895329413 -1.76369352013007 7.03547237304966
-56.7446072502589 1.17257872884161 5.12219062002209 1.17257872884161 -31.9901674191582 -1.31975424830527 5.12219062002209 -1.31975424830527 -13.9454836475401
-6.67115264454126 5.5661298918469 -0.851687842142157 5.5661298918469 12.2059172617484 -1.39696107818784 -0.851687842142157 -1.39696107818784 5.5347646172071
-15.6174940571846 0.0820322567502361 12.6981108022498 0.0820322567502361 -18.2352881328907 2.43442785473495 12.6981108022498 2.43442785473495 -2.12560053520465
-19.1931353661214 0.313652746397961 6.7773120356298 0.313652746397961 -4.60586994518237 -1.13397531390032 6.7773120356298 -1.13397531390032 5.98352931589957
-18.0881126134271 -2.42718971443345 12.353092781212 -2.42718971443345 -16.1434655857597 1.77575708729923 12.353092781212 1.77575708729923 4.30910619282122
-39.7615173895262 1.02299049594412 6.11140312789259 1.02299049594412 -17.16404336827 -0.178540794103455 6.11140312789259 -0.178540794103455 1.0374667765471
-21.2077510833698 5.27901699322107 -2.87595441312592 5.27901699322107 -7.00893252527752 -6.77972474906363 -2.87595441312592 -6.77972474906363 -3.05690792066321
-27.7269027815798 2.88319255342741 0.535622382310365 2.88319255342741 -2.13042596207231 -0.579051224119313 0.535622382310365 -0.579051224119313 0.711750462979989
-43.3733493999704 1.27149997962866 2.72154075336077 1.27149997962866 -17.5235376699107 -0.851687842142157 2.72154075336077 -0.851687842142157 -13.8079589818118
-11.6509931719673 1.38489751101869 1.00368878847348 1.38489751101869 3.14859103114877 -0.504257107670569 1.00368878847348 -0.504257107670569 -11.0405766732082
-19.8952349753661 0.106159391088541 5.0280947961027 0.106159391088541 5.12460333345592 -0.788957292862564 5.0280947961027 -0.788957292862564 6.03178358457618
-36.3740677284282 -1.36077037668039 2.88560526686124 -1.36077037668039 -16.2279105559438 -1.15810244823863 2.88560526686124 -1.15810244823863 -15.7067644542364