10.7551703876449 -1.29420492887699 -6.27456743813733 -1.29420492887699 12.0080159046803 0.322258750599198 -6.27456743813733 0.322258750599198 15.0806755427464
-2.29326059758867 -1.61377597608092 -0.973927957494449 -1.61377597608092 -1.70814884017922 -1.96106811596266 -0.973927957494449 -1.96106811596266 1.72324849843495
6.12543712358193 -0.814843095087857 -0.404598765459328 -0.814843095087857 3.37604737318156 1.96653818560464 -0.404598765459328 1.96653818560464 8.0562200694483
7.51666886133267 -0.778984205558978 -3.99537826697331 -0.778984205558978 9.21386748113651 2.19948481569594 -3.99537826697331 2.19948481569594 18.1492745449013
4.39147647833252 -4.36530335330202 -2.81361094077924 -4.36530335330202 -0.429987054072576 -0.695457322239122 -2.81361094077924 -0.695457322239122 7.44064554438631
11.251276854153 -4.26623218599293 -2.60068884065374 -4.26623218599293 -1.9529775396885 -1.32101605759172 -2.60068884065374 -1.32101605759172 6.65429847192252
5.99863270426179 -5.05328944141251 -4.014366744463 -5.05328944141251 -4.75536307978728 3.49872496472703 -4.014366744463 3.49872496472703 -1.75127226673291
-2.3306292669095 -0.556993780754064 -1.14440360414316 -0.556993780754064 -5.95584134847264 2.8438999863757 -1.14440360414316 2.8438999863757 4.66315953648368
5.45196641042058 -6.25355696953271 -0.653929140328321 -6.25355696953271 -3.19293847110456 1.53989765303121 -0.653929140328321 1.53989765303121 8.86160280779229
1.60343818277193 -0.634814876211749 -1.59379054027631 -0.634814876211749 -1.8928674576405 4.61157311290602 -1.59379054027631 4.61157311290602 7.42096660763035
18.6927177982889 -3.29665847835916 -0.811054896054427 -3.29665847835916 13.6603319238477 2.63418044903884 -0.811054896054427 2.63418044903884 11.7358245088565
3.97583116659047 -1.67050117998085 -3.28346500588658 -1.67050117998085 1.64173250294329 0.66359748366633 -3.28346500588658 0.66359748366633 7.46451273534496
4.45080674365256 -1.69076613505622 -2.77934159187324 -1.69076613505622 -2.59212205408733 3.64402564267824 -2.77934159187324 3.64402564267824 -7.22821823719811
4.12048831275271 -2.17649311541324 -1.23673262303104 -2.17649311541324 -5.43537149648082 6.32628788842735 -1.23673262303104 6.32628788842735 1.42234020468657
10.1243498798246 -4.67175635600293 -1.10492249718041 -4.67175635600293 -2.24395923955678 1.70381702395401 -1.10492249718041 1.70381702395401 8.46412328028766
0.901519560643212 -0.397488169919961 0.211037533514206 -0.397488169919961 -4.45842400899916 -2.11857096751155 0.211037533514206 -2.11857096751155 6.5769949765107
3.64342621077381 -0.382598594628167 -5.40104919624839 -0.382598594628167 -4.51349814170487 0.341813972865774 -5.40104919624839 0.341813972865774 4.4125076497218
5.75528700398919 1.12098226681025 -4.83155074579887 1.12098226681025 -0.218728247182487 0.220681177960902 -4.83155074579887 0.220681177960902 7.53831280468215
-10.6200227948442 1.28961778431933 -0.307148715192775 1.28961778431933 -14.0434088059001 1.91408570196292 -0.307148715192775 1.91408570196292 0.43936504954728
8.87116310123838 2.86832344673657 2.51147083231406 2.86832344673657 3.62832306880395 0.869948805970539 2.51147083231406 0.869948805970539 -12.0674051666335
-7.75465241209227 -0.283731162720201 -4.25197122724358 -0.283731162720201 -4.05615676283105 -2.40971677634199 -4.25197122724358 -2.40971677634199 -0.135871261020942
-1.468608483094 1.13092843732137 -2.20191367125114 1.13092843732137 -7.06730367986868 2.3497735729504 -2.20191367125114 2.3497735729504 -5.56472738151944
-16.3205361767507 2.21590041870918 -3.65253919332766 2.21590041870918 -4.77747331030987 -2.64549337634892 -3.65253919332766 -2.64549337634892 -3.04511473229287
1.90219765429318 -2.45966944583499 -0.749290042394898 -2.45966944583499 -8.15627187481593 1.48059712377232 -0.749290042394898 1.48059712377232 -7.41697236631963
-1.48259523055204 1.93816357632814 1.26280348478287 1.93816357632814 -6.72962363409605 0.177831503395056 1.26280348478287 0.177831503395056 2.41371298990143
-9.22525900196599 -1.72436615089813 2.92922453906912 -1.72436615089813 -6.45987921883388 0.567462325440403 2.92922453906912 0.567462325440403 -6.08423514424657
3.01714123737679 -6.2900401425577 0.605426354255078 -6.2900401425577 -2.78136463736986 2.85729269499921 0.605426354255078 2.85729269499921 -3.15501060517745