3.38818006755722 -0.378776887159345 0.170657718390474 -0.378776887159345 -4.16446456706511 -0.231012277333447 0.170657718390474 -0.231012277333447 2.13322147988093
2.7185874901535 -0.835997561526078 -0.233994228416968 -0.835997561526078 -4.4756714235391 -1.67624956356883 -0.233994228416968 -1.67624956356883 0.889178067984479
-5.97478127039021 1.98612234537696 2.0447446105888 1.98612234537696 -1.17947997606212 -2.90766435450701 2.0447446105888 -2.90766435450701 -1.73756394087878
5.45519803446608 2.93374214104938 0.108496380955968 2.93374214104938 -1.98548377149422 2.29144356579005 0.108496380955968 2.29144356579005 13.5121392842563
14.4964511033084 -2.28870968306604 3.00066671042725 -2.28870968306604 10.845736672247 1.21303547868335 3.00066671042725 1.21303547868335 11.4358097519893
9.47606538598345 -0.289171238439969 0.688684133653084 -0.289171238439969 11.4812396314817 0.131268522712881 0.688684133653084 0.131268522712881 9.69484625717159
11.689919292359 -2.73732430421204 1.68035611604587 -2.73732430421204 8.53762332272252 1.84225089134597 1.68035611604587 1.84225089134597 23.9474007280114
17.4306490293343 -3.64349626019435 2.80852836723314 -3.64349626019435 18.8562039685363 1.05342955896879 2.80852836723314 1.05342955896879 24.1307572435839
2.22262268158402 -0.820692168798521 -0.91892963538787 -0.820692168798521 -4.83410200175089 1.37123130447633 -0.91892963538787 1.37123130447633 -2.95735706711686
-10.5075682673002 -0.944176234338534 -2.98301967486432 -0.944176234338534 0.333966266294416 -2.81603654171711 -2.98301967486432 -2.81603654171711 0.496826359117001
8.65618769042197 -0.826208808907852 -1.42636048608063 -0.826208808907852 6.77971344646177 -0.386097578981151 -1.42636048608063 -0.386097578981151 13.7234683513508
-6.85184287380056 2.26734434149027 1.98243200332409 2.26734434149027 -0.360623309147398 -0.185292639506674 1.98243200332409 -0.185292639506674 14.2655408480407
8.82727385524375 0.120551420674391 -1.78125116410264 0.120551420674391 -2.41518535902831 -0.413616081279375 -1.78125116410264 -0.413616081279375 -5.76776193743852
-7.5712974144594 -1.71616074727746 -1.4606938413202 -1.71616074727746 6.06939923346868 -2.73390793713949 -1.4606938413202 -2.73390793713949 -4.82502817541876
-1.32917221890481 0.586583044962686 -1.06084167706018 0.586583044962686 5.52053688415237 -1.11700388349277 -1.06084167706018 -1.11700388349277 6.5772183977731
-4.76278846671741 -3.12854052537993 3.65391140507209 -3.12854052537993 -5.21710508809055 -2.80987294261583 3.65391140507209 -2.80987294261583 -3.23835165187296
-4.18835236434176 1.55441848486809 1.92262528612891 1.55441848486809 -4.64233461362355 0.389127642241542 1.92262528612891 0.389127642241542 -9.43529928230835
-4.67874137921387 -4.7851712678579 2.35606557410012 -4.7851712678579 -0.803441316234317 2.01173358142827 2.35606557410012 2.01173358142827 5.15663244783117
-2.31993676914544 2.2043679633024 2.66236286053222 2.2043679633024 -10.1379524681199 -0.509358810937836 2.66236286053222 -0.509358810937836 -7.96354678781381
1.11640958245017 -2.80249391758895 1.68417267489486 -2.80249391758895 2.38766364465798 1.29801730562271 1.68417267489486 1.29801730562271 7.64472931544215
16.1236197702548 -1.79379707723313 2.0946317953941 -1.79379707723313 16.6057027347612 -1.27621187890648 2.0946317953941 -1.27621187890648 16.96633068883
12.8999656571924 -3.12080872772872 4.10937628279968 -3.12080872772872 15.8656683224053 0.936242618318617 4.10937628279968 0.936242618318617 12.9037031526748
15.7702626870852 -1.76457176144741 1.93472006780583 -1.76457176144741 15.4357014105378 -0.12235383828021 1.93472006780583 -0.12235383828021 18.6971959121947
-0.559137135457134 -0.180897308530249 -0.927098706217528 -0.180897308530249 -1.24983594984536 2.44005801392507 -0.927098706217528 2.44005801392507 11.8384954525648
-1.88543196233452 0.777561168362113 1.34996107858119 0.777561168362113 -0.635999900243417 -3.31540593159149 1.34996107858119 -3.31540593159149 7.90691488883267
2.03290723132412 0.92750143100727 -0.591681947366707 0.92750143100727 1.39924784850235 -0.261859240219725 -0.591681947366707 -0.261859240219725 9.12109704673744
2.42330292127717 1.9939363708348 -0.219919452665603 1.9939363708348 1.31532777403808 0.402138427731389 -0.219919452665603 0.402138427731389 -5.96714781566004
-15.0300805108108 6.02620139892099 1.3589545726815 6.02620139892099 -8.96952954923116 0.474453334222137 1.3589545726815 0.474453334222137 -5.39073448973658
1.02926120764749 -1.93451504087961 1.30001064178769 -1.93451504087961 -3.44120464002623 0.70890882374114 1.30001064178769 0.70890882374114 7.79593027157895
-10.6976238408412 -0.41550313419671 -0.881625939564594 -0.41550313419671 -2.09649804767274 -0.537834006193711 -0.881625939564594 -0.537834006193711 -0.660164878190712
-2.98636096792509 -1.62703752526287 -0.902756790164984 -1.62703752526287 0.989919514732638 0.435813622838268 -0.902756790164984 0.435813622838268 6.11176723456524
-6.03646241141469 -2.59497518710409 0.0255872656082573 -2.59497518710409 -9.18369608123034 -0.750559791175547 0.0255872656082573 -0.750559791175547 -10.6762865750453
-4.01348797530738 -1.12990922591071 -0.375936340962858 -1.12990922591071 0.661563951973745 0.711968824505077 -0.375936340962858 0.711968824505077 1.8586796745929
-3.9480807059602 -4.49808330970628 -0.68004197905038 -4.49808330970628 0.705623495503686 3.304279208552 -0.68004197905038 3.304279208552 -1.20659485938093
-4.41132354272475 -0.217020788024939 3.38638378145845 -0.217020788024939 -2.19169508698453 -1.59649946042108 3.38638378145845 -1.59649946042108 -7.9029946371854
22.4331311128813 -2.18683081993219 3.82556045729854 -2.18683081993219 9.56297215819117 4.19901244948747 3.82556045729854 4.19901244948747 20.3336248881376
13.767023626844 -6.56194077514727 4.17096552585752 -6.56194077514727 12.399400917005 -2.50068772117172 4.17096552585752 -2.50068772117172 13.4284282394841
-2.6244168848595 1.89595908486099 5.53431047512382 1.89595908486099 -0.887930994052239 -0.86627414053877 5.53431047512382 -0.86627414053877 5.68787725458297
5.46566204586605 -3.30771077259447 3.67502162761942 -3.30771077259447 15.4308820657877 -1.6375942286529 3.67502162761942 -1.6375942286529 17.4281348399859
0.957654231990214 1.62032603243464 -0.14956855684012 1.62032603243464 2.08357309042556 -3.73505923886856 -0.14956855684012 -3.73505923886856 6.31719418542786
-0.0905594871698003 0.252724150241303 2.45984839568202 0.252724150241303 -9.17809872293 -2.13341303495367 2.45984839568202 -2.13341303495367 -7.70176847860372
-1.16055988345722 -4.22303373962638 -4.40475841888658 -4.22303373962638 0.514198240179446 -1.20392600009886 -4.40475841888658 -1.20392600009886 10.2075578361727
-6.98932046101605 -1.18309904376189 1.17679478597985 -1.18309904376189 -4.92782816629063 -2.34728531417767 1.17679478597985 -2.34728531417767 -3.65857093284093
-5.66207514288769 1.30103616284041 -4.8831653348714 1.30103616284041 -7.70136373365563 -2.03928859076794 -4.8831653348714 -2.03928859076794 -9.97603715651641
-0.19739405213461 -6.66616163562921 2.92801177333004 -6.66616163562921 13.1883901082436 2.02123284633668 2.92801177333004 2.02123284633668 9.47697069050433
-7.11564498072538 0.105020061462513 3.3563554336795 0.105020061462513 1.17022354201086 1.7810545117418 3.3563554336795 1.7810545117418 -1.14021781016443
1.3543799678669 -0.756739409756957 0.269244210479564 -0.756739409756957 -6.14774280595005 1.50531990404484 0.269244210479564 1.50531990404484 2.21922500758913
-5.29592770668849 -4.65571276188322 -0.675056574454536 -4.65571276188322 -13.1701360074227 0.955967213501747 -0.675056574454536 0.955967213501747 -7.41255670788142
-3.51015620134044 -1.10912627900343 -4.33057732532238 -1.10912627900343 -3.49146306180667 -0.872346511575731 -4.33057732532238 -0.872346511575731 -1.09666418598092
1.80366634132806 4.43895013200324 -0.0658272387346006 4.43895013200324 -3.11801687472892 -0.71312841962484 -0.0658272387346006 -0.71312841962484 -3.16409594184314
-5.84538169880316 5.04191537540962 2.00319260464603 5.04191537540962 2.60305574527227 0.626134519047829 2.00319260464603 0.626134519047829 2.66435562825597
13.5985745246668 -0.115131997887388 6.19855820884035 -0.115131997887388 8.48448545721736 -0.748357986268023 6.19855820884035 -0.748357986268023 18.0701527651963
3.67690539428797 -0.494968033846457 -3.18767058091077 -0.494968033846457 20.6472379833094 4.9611467794031 -3.18767058091077 4.9611467794031 21.9697008382196
10.9366470281423 -5.39016325209129 6.42265066342993 -5.39016325209129 13.2100492160991 1.87777617052804 6.42265066342993 1.87777617052804 6.84722492603648
24.9620980530472 -1.45978260830699 -1.55021161944105 -1.45978260830699 22.1366528276136 -2.54862172196201 -1.55021161944105 -2.54862172196201 14.073706916497
-4.73224529672592 4.39005089998327 -3.03643382426075 4.39005089998327 -4.25793787339275 -3.98288288360594 -3.03643382426075 -3.98288288360594 -6.52984877328543
-2.61314197522388 1.93233899571938 3.29394495472839 1.93233899571938 -8.33270233597131 2.35427377643025 3.29394495472839 2.35427377643025 1.20057770936573
-5.54547145696701 -1.37320614401161 0.245685444296007 -1.37320614401161 -3.35623865868652 -3.37598123903173 0.245685444296007 -3.37598123903173 -4.17445893299376
-2.04918860377788 -0.720860813186685 1.8811227400293 -0.720860813186685 1.20480950518561 -1.69078308710922 1.8811227400293 -1.69078308710922 11.76866024225
-13.5289902054948 -2.37585477420965 -0.193051911477792 -2.37585477420965 -3.31478907094254 0.7853702762392 -0.193051911477792 0.7853702762392 -10.7341250325095
-7.55893785589515 -1.31704036960683 1.66658662883898 -1.31704036960683 3.70768710685526 -2.27413131750437 1.66658662883898 -2.27413131750437 9.08820274003578
-0.366167644349371 -1.45793129559964 -0.408849762402366 -1.45793129559964 -6.89877813372343 -0.395371198806683 -0.408849762402366 -0.395371198806683 -7.39748498676368
-3.13114300310243 0.886334516985128 -2.40576511753106 0.886334516985128 2.77060014873559 -1.46792447849353 -2.40576511753106 -1.46792447849353 3.81789129713449
-4.58406865201237 -1.60163566527731 2.29091898083538 -1.60163566527731 4.65768143328556 -3.14750407201433 2.29091898083538 -3.14750407201433 -0.488521184812997
-18.6736598110556 1.82082372868895 -2.05921087521306 1.82082372868895 -14.6369707965806 -6.17082156430993 -2.05921087521306 -6.17082156430993 -20.069927383554
9.15275529603832 -3.57175430675393 4.3573244382696 -3.57175430675393 13.7906404955635 1.40280380627798 4.3573244382696 1.40280380627798 -11.5418380861148
-13.2262571111895 -2.81572208569372 -1.36967758499187 -2.81572208569372 0.197075911509621 0.162587626995438 -1.36967758499187 0.162587626995438 2.35259369364611
9.8102996021142 -4.11569638016953 2.13594668106649 -4.11569638016953 25.5222104745584 3.19356961918047 2.13594668106649 3.19356961918047 14.7559100671739
24.6010936051707 -2.84434180736139 0.317457007364261 -2.84434180736139 7.00959667984764 2.42289026310194 0.317457007364261 2.42289026310194 19.9943180672697
8.41042240501404 -8.42253825961911 -0.335205310740056 -8.42253825961911 13.1416636282909 -5.03615689750421 -0.335205310740056 -5.03615689750421 17.8365572877525
11.210328372688 -4.97619532012416 2.95436795520928 -4.97619532012416 7.67461064523135 1.84325576251808 2.95436795520928 1.84325576251808 1.1607154155792
3.11786279376912 -11.4917274908684 -0.708605180402073 -11.4917274908684 -2.98641139798439 -0.838002648127669 -0.708605180402073 -0.838002648127669 16.1603059692855
-13.6463099971293 -1.05565794317415 1.38608746197256 -1.05565794317415 -3.94155211709536 0.298244825408957 1.38608746197256 0.298244825408957 -6.91541778628107
1.01959564029302 -6.69462158711542 -4.54045462794315 -6.69462158711542 -1.01525693544071 3.53604445463322 -4.54045462794315 3.53604445463322 -5.56221962066232
-0.559430989232079 -4.7855201288186 -1.38990412440993 -4.7855201288186 -1.02779181742638 0.368617318486254 -1.38990412440993 0.368617318486254 -11.4401468960793
-0.797056852098843 -0.714141541981178 -2.51955555260775 -0.714141541981178 -6.29621419409623 0.358408114702164 -2.51955555260775 0.358408114702164 1.79471526093397
-6.17511549253113 -1.19231336599304 3.53467525851295 -1.19231336599304 -10.4327419524391 1.35914825862266 3.53467525851295 1.35914825862266 -12.0832951568549
-3.20668107472276 2.89507388551813 -4.95698528642532 2.89507388551813 -8.69406157681552 -0.201108185940573 -4.95698528642532 -0.201108185940573 5.308372116805
8.93009644687985 7.24857343171622 3.73494325077729 7.24857343171622 0.335391971816898 -7.36949706781347 3.73494325077729 -7.36949706781347 3.57979594408648
10.2540442761427 0.588045549886317 -1.93214966391219 0.588045549886317 -7.85460841633867 -7.75747589247352 -1.93214966391219 -7.75747589247352 -5.22940506863189
-2.68989211687635 3.60280961352176 -1.68954026843954 3.60280961352176 4.19942048456891 3.69281556389526 -1.68954026843954 3.69281556389526 5.97382350621774
-4.62017768777262 -5.37282684986316 3.11261234804309 -5.37282684986316 5.16879545050127 2.1536647710422 3.11261234804309 2.1536647710422 -2.54812547647519
-3.19494629317923 1.31825094953866 0.257743566508577 1.31825094953866 1.28871783254288 1.64311523649218 0.257743566508577 1.64311523649218 2.60428395326375
13.2507410470001 -3.72788571782936 1.94817206838185 -3.72788571782936 11.2569861123183 -0.659960629472183 1.94817206838185 -0.659960629472183 8.89064079222887
11.7604739591941 -0.0596560687102725 -1.33300456980195 -0.0596560687102725 7.23278405466614 -5.91417922558736 -1.33300456980195 -5.91417922558736 5.21887745924005
4.50007587691253 1.01666880747529 0.937684577412467 1.01666880747529 1.38323664443351 -2.18725560173966 0.937684577412467 -2.18725560173966 -1.40348901111628
11.1826087168365 -5.80269949371743 2.26134612622812 -5.80269949371743 12.9435883760261 2.04025396637391 2.26134612622812 2.04025396637391 7.08076733006763
15.7330310601934 1.1005617911741 -5.91968842222434 1.1005617911741 13.251208637167 5.08315029307433 -5.91968842222434 5.08315029307433 2.41234251196748
-5.78797435554098 -3.29936216072411 -1.31367507844863 -3.29936216072411 3.56599918159735 -3.19097312784881 -1.31367507844863 -3.19097312784881 -11.9097869323379
-15.3229715864293 0.98871688169418 0.0920234327117959 0.98871688169418 3.37276581287885 -0.793969617118053 0.0920234327117959 -0.793969617118053 11.3681040596526
-3.76511948622591 1.54761223743872 1.44149025544292 1.54761223743872 3.15491808975008 2.06274602504332 1.44149025544292 2.06274602504332 3.68994974897889
-17.6761911086106 -4.49632135131598 -0.251278097279281 -4.49632135131598 -1.79674958054565 -5.28128744281674 -0.251278097279281 -5.28128744281674 -8.34332230966249
-6.43540099656974 -0.18881915247098 -1.2617562188649 -0.18881915247098 -12.9307798415714 -1.74824321170189 -1.2617562188649 -1.74824321170189 -12.3176729464892
-9.40490785541646 1.79061038945583 3.25966750474881 1.79061038945583 -2.86665794743867 -7.81395472769573 3.25966750474881 -7.81395472769573 0.689342966832759
0.269652940250554 1.32022079546671 0.478903621884985 1.32022079546671 -12.1257534171869 -4.22384365608468 0.478903621884985 -4.22384365608468 1.74087938225758
5.09269223047494 0.236085070286918 -2.03412582881139 0.236085070286918 4.67111174781973 2.02147841433173 -2.03412582881139 2.02147841433173 -3.25881713092478
19.7525325571481 0.577418734922722 2.53175906850732 0.577418734922722 10.4601624672539 6.83834046647262 2.53175906850732 6.83834046647262 13.2528703871205
15.7558345677711 3.61609317948846 -1.21960607772221 3.61609317948846 14.1478189111565 1.42352110664073 -1.21960607772221 1.42352110664073 8.60909831615055
25.7750387332463 -5.33013531349939 0.179324523789886 -5.33013531349939 11.2879064602634 6.59303781082817 0.179324523789886 6.59303781082817 9.30198274467539
-2.24698315466199 2.23012024168141 1.4649655651877 2.23012024168141 -1.84648897137327 -0.181276314541211 1.4649655651877 -0.181276314541211 -4.0218047458678
-2.21668851890024 -0.651585199403295 1.48717286375436 -0.651585199403295 -3.37265694574861 1.98722662143596 1.48717286375436 1.98722662143596 -2.69076545800098
4.30434324565341 -2.01947510658306 4.25665543512835 -2.01947510658306 3.54755842645134 6.64726611058037 4.25665543512835 6.64726611058037 8.84297877779952
-4.89545193040702 -3.44527716501612 -3.72330146819689 -3.44527716501612 -5.5493650914882 1.17215046221013 -3.72330146819689 1.17215046221013 -9.68859091724352
1.07275864179545 0.206299738806818 -3.46841435868963 0.206299738806818 -2.92429879758665 -1.81285895476491 -3.46841435868963 -1.81285895476491 2.55553801446946
-11.2910801639775 7.77126883440131 2.68270264257959 7.77126883440131 -2.67830837125677 3.7658905236539 2.68270264257959 3.7658905236539 6.05310874717999
-15.1406592700963 1.87729384149231 1.30272815061133 1.87729384149231 5.37588690972797 4.21537798953272 1.30272815061133 4.21537798953272 0.930113766921188
10.756014156785 1.49859555423414 -5.43053295976407 1.49859555423414 -3.1279698335159 -1.41712684027005 -5.43053295976407 -1.41712684027005 -2.39903923488985
0.871174555957802 -0.257755774583845 1.26280348478287 -0.257755774583845 1.22683756274791 -1.81428095598551 1.26280348478287 -1.81428095598551 0.0739299508496299
-2.15795532209731 -4.41781408996032 -1.71637372377925 -4.41781408996032 3.46671526281373 2.65948012380696 -1.71637372377925 2.65948012380696 4.73151685437632
-6.6037429069737 -0.579450966118721 2.89725483059361 -0.579450966118721 -3.36680992382774 -0.107897766104865 2.89725483059361 -0.107897766104865 12.3283188308707
2.48964104753078 -2.87327754923697 3.50667739840812 -2.87327754923697 5.19907384083073 1.37269935766745 3.50667739840812 1.37269935766745 10.629928068109
-0.651382810188631 1.86223551869879 1.07098523392977 1.86223551869879 8.00441575955723 0.991060962740985 1.07098523392977 0.991060962740985 5.76054184593198
0.243769027125807 -0.249763347464966 1.39867474580381 -0.249763347464966 0.227784172888049 3.88631768655487 1.39867474580381 3.88631768655487 -1.99411056616029
5.20506816116989 1.38069178478633 -0.0799242711887891 1.38069178478633 10.9815948613396 -2.73940439499575 -0.0799242711887891 -2.73940439499575 9.52697312570366
6.08623325102629 -0.705331693241064 1.55652518140167 -0.705331693241064 -0.621411208492835 0.503522908489372 1.55652518140167 0.503522908489372 3.6865070085829
4.69155471878192 -0.431591064419461 0.793248391548732 -0.431591064419461 6.86149868155755 -2.99915827635931 0.793248391548732 -2.99915827635931 2.26785119498189
-5.33694320863139 -2.71742522041883 -1.25880727122343 -2.71742522041883 3.5046792916284 2.61152556109369 -1.25880727122343 2.61152556109369 3.15101439161801
13.6850333343004 0.207803105090852 2.55957478482097 0.207803105090852 6.28804203577798 1.2867807661395 2.55957478482097 1.2867807661395 9.52897123248338
-0.669365771206109 -3.26690458484176 0.0399621355943946 -3.26690458484176 2.04206512887356 -1.91818250853094 0.0399621355943946 -1.91818250853094 4.39783302216312
-0.605426354255078 -1.73435668479672 -0.405615676283105 -1.73435668479672 2.35376978650984 3.91628928825067 -0.405615676283105 3.91628928825067 0.465558879674697
9.8446721036791 -3.20296516789072 2.31780386447488 -3.20296516789072 8.45798599855361 1.42864634749961 2.31780386447488 1.42864634749961 9.52097880536451
2.42969784413919 -1.96214085768477 -3.93427224926815 -1.96214085768477 8.06435896294882 -1.66042673394709 -3.93427224926815 -1.66042673394709 4.16805074249535
8.89956759687167 -4.2839409357191 0.279734949160762 -4.2839409357191 -2.97118478144324 1.71237751021981 0.279734949160762 1.71237751021981 8.68377206466194
-2.5316012899049 -3.52865657298504 -0.579450966118721 -3.52865657298504 1.62645891869186 1.10295494240529 -0.579450966118721 1.10295494240529 14.1925524563492
0.95509504070603 3.62856191197103 -2.10001022548543 3.62856191197103 2.59154449329649 -0.44357970509778 -2.10001022548543 -0.44357970509778 5.05521015269091
12.340307471549 -1.37469746444717 -1.39068231868493 -1.37469746444717 10.3881571477629 -3.86433851197795 -1.39068231868493 -3.86433851197795 14.208537310587
-7.3630234832672 -3.62256759163187 0.139867474580381 -3.62256759163187 9.62488035790993 5.13913063743914 0.139867474580381 5.13913063743914 6.57576941205763
-0.0759280576293497 -1.22883566952763 -4.2739504018205 -1.22883566952763 18.5484252361382 7.34504052224972 -4.2739504018205 7.34504052224972 5.98033359170115
5.44084476117682 0.553475577982365 3.69250132892206 0.553475577982365 5.31896024761392 -0.947102613587151 3.69250132892206 -0.947102613587151 3.00715070347819
18.7742113022466 -6.92144188494914 -2.30381711701685 -6.92144188494914 24.6866092634372 0.239772813566367 -2.30381711701685 0.239772813566367 4.07813593740797
12.2603832003603 0.215795532209731 0.751288149174618 0.215795532209731 4.93332563912801 2.20391177803086 0.751288149174618 2.20391177803086 -1.85823930513935
1.33273722207306 -3.15101439161801 1.17089057291576 -3.15101439161801 4.95930102726437 1.92217872209038 1.17089057291576 1.92217872209038 16.2825721479361
-2.05205566277216 -4.71553200013856 2.75339114245379 -4.71553200013856 3.96424385096394 2.47565430007274 2.75339114245379 2.47565430007274 6.05825975611022
11.2053828206682 6.58176373239678 2.96519046110408 6.58176373239678 2.71742522041883 3.74445210519477 2.96519046110408 3.74445210519477 1.8842146932757
9.34314730196945 5.38289966456495 3.08108065432782 5.38289966456495 9.54895230028058 0.14785990169926 3.08108065432782 0.14785990169926 12.0325990274722