-1.18337480388442 0 0 0 -2.64121300766136 0.556882260651491 0 0.556882260651491 0.391806447672656
-16.8009557499827 0 0 0 -6.95597502471062 -1.59124916610056 0 -1.59124916610056 -1.83882118190542
-1.18337480388442 0 0 0 -2.64121300766136 0.556882260651491 0 0.556882260651491 0.391806447672656
-19.8738184140546 0 0 0 -7.73806961669782 -1.60298616119823 0 -1.60298616119823 -2.61413137426945
-0.461517083252102 0 0 0 14.6167588233532 2.58449566621177 0 2.58449566621177 1.11379456091507
-16.7366553121828 0 0 0 0.106059818702948 8.68442750791196 0 8.68442750791196 1.91115634094135
-19.4379316354393 0 0 0 -0.710481268119691 8.54876137611076 0 8.54876137611076 1.2537904731524
-6.00331949972873 0 0 0 4.82515324682339 0.0907799792858388 0 0.0907799792858388 21.2760642756658
-7.3118578450204 0 0 0 -3.93212826434078 -3.2530144704491 0 -3.2530144704491 3.98162635427458
-10.2058392650344 0 0 0 -4.77466164446054 -3.22090716765901 0 -3.22090716765901 3.28059043821476
0.899199600427577 0 0 0 4.26477524774222 8.29239895251454 0 8.29239895251454 0.747027360355218
-7.45114171045106 0 0 0 6.77037924926294 5.29504905222001 0 5.29504905222001 -6.74554900751748
-10.4557298873768 0 0 0 5.8713424541563 5.19979726552582 0 5.19979726552582 -7.40778794764833
-4.53729781098438 0 0 0 -3.53989181641116 0.555669071124959 0 0.555669071124959 -0.387769064022454
-20.1889041397289 0 0 0 -14.8200184462026 -2.64738765409314 0 -2.64738765409314 -1.16929719092139
-9.20090794729128 0 0 0 5.00979879424555 4.20565440047822 0 4.20565440047822 -0.922584265717554
-12.328384051778 0 0 0 4.12546771995146 4.16096010418181 0 4.16096010418181 -1.59506950305815
-11.4969399341808 0 0 0 -11.444331620508 -0.445147269538854 0 -0.445147269538854 -1.23022518127101
-4.36889991596433 0 0 0 0.344167277902658 7.2558560235478 0 7.2558560235478 6.27599153822494
-7.46110846647001 0 0 0 -0.488185941099455 7.10920776726082 0 7.10920776726082 5.54701275574256
-17.4773830400695 -0.00208312074375084 0 -0.00208312074375084 -10.0739719167791 -6.50766920347762 0 -6.50766920347762 -1.67482907797568
-13.2951772323212 -0.0484930476558829 -0.0202054365232845 -0.0484930476558829 -5.82926843696759 2.14177627146816 -0.0202054365232845 2.14177627146816 2.76006262908067
-16.0984917006403 -0.0466917161557033 -0.0203007461546536 -0.0466917161557033 -6.62007332103255 2.11736782393037 -0.0203007461546536 2.11736782393037 2.0747362570056
-15.5890212946833 0.476635441614699 0.387393061057054 0.476635441614699 -1.76659348785704 5.1395498257517 0.387393061057054 5.1395498257517 -0.515171924128228
0.292137017805438 0 0 0 -3.51359352027221 0.457085129899666 0 0.457085129899666 2.2417044631601
-14.4969470362728 0.210857092549475 0.0981216173250032 0.210857092549475 -2.54489896849317 -0.19206784667873 0.0981216173250032 -0.19206784667873 -2.91859619192244
-17.3337026543384 0.213944539054032 0.0985822876033283 0.213944539054032 -3.36228525591777 -0.165702142992828 0.0985822876033283 -0.165702142992828 -3.52588990342968
-9.77019849050276 -2.42367838937508 -0.979263995707105 -2.42367838937508 -11.9878234141145 0.575317597477924 -0.979263995707105 0.575317597477924 -6.25708890590352
-14.6415762648124 1.61212549968747 0.360089649480898 1.61212549968747 -3.81612249219986 5.19439666779916 0.360089649480898 5.19439666779916 4.40799398502479
-17.6873383153269 1.64045020933266 0.419988520006586 1.64045020933266 -4.54918258304164 5.11055337710985 0.419988520006586 5.11055337710985 3.76950092461357
-10.462402026148 -0.537796611899308 0.765641741368099 -0.537796611899308 3.76047096564707 1.19670009441716 0.765641741368099 1.19670009441716 3.10977811842539
-10.3187232313309 -0.105925301425631 0.995298115282348 -0.105925301425631 5.32224674898975 -2.30437495365572 0.995298115282348 -2.30437495365572 -0.597578587287996
-13.0512619084397 -0.0762996850031862 1.02402208820066 -0.0762996850031862 4.49364986939818 -2.24682493469909 1.02402208820066 -2.24682493469909 -1.27902366702709
-14.0566498939728 -2.05494737755759 0.279391860199948 -2.05494737755759 -11.9429897341992 2.46188769567491 0.279391860199948 2.46188769567491 2.03470159058658
-17.7287458258419 1.03902494247018 1.27581648142213 1.03902494247018 4.27857815209725 2.23931308819212 1.27581648142213 2.23931308819212 -9.74111399895423
3.92351006381046 0 0 0 4.15173649645498 -1.72856715507279 0 -1.72856715507279 11.6772550406984
-20.3414573681423 0.926942104083107 1.18123595564573 0.926942104083107 3.47808364717909 2.17995455008925 1.18123595564573 2.17995455008925 -10.3337638550327
-5.251106137087 -1.15767629508752 0.719746207979106 -1.15767629508752 0.362914285150028 -1.82065378807109 0.719746207979106 -1.82065378807109 1.57735929523308
-18.7463784261482 0.578669020927072 0.59532136685303 0.578669020927072 -9.61464822900052 -3.35128461759923 0.59532136685303 -3.35128461759923 -2.98493300722813
-21.6077033746757 0.591791353433972 0.583426811335965 0.591791353433972 -10.3699410660038 -3.27471823136961 0.583426811335965 -3.27471823136961 -3.59257083109386
-20.9335639631141 -0.427897159481342 -0.578182991104058 -0.427897159481342 -7.17614845998466 2.76776406571834 -0.578182991104058 2.76776406571834 -0.388238398358682
-16.3256800993111 -1.60954539853435 1.70530316275095 -1.60954539853435 -3.64694463718542 3.83234796790267 1.70530316275095 3.83234796790267 -4.63712066716984
-19.0981788085228 -1.7090321835941 1.77657477288585 -1.7090321835941 -4.43120320656435 3.78647849059771 1.77657477288585 3.78647849059771 -5.27241545501606
-10.8129362562009 -1.22356910267537 0.975603271236176 -1.22356910267537 -0.86381539640703 0.560971880960801 0.975603271236176 0.560971880960801 8.65238151177583
-5.40019024919126 -1.29844023958001 0.730759689684138 -1.29844023958001 4.58892313606734 1.19316130123568 0.730759689684138 1.19316130123568 -2.47921578336342
-8.31768686334255 -1.2483788311474 0.785939496685821 -1.2483788311474 3.7451364934422 1.21727304631814 0.785939496685821 1.21727304631814 -3.13546311078882
0.436784817151384 0 0 0 3.22103872008898 -1.70924469542802 0 -1.70924469542802 10.8797314043872
-14.231807816398 4.41797985235947 -1.56293531510705 4.41797985235947 -7.56659160488332 0.779400282798091 -1.56293531510705 0.779400282798091 4.90381291988613
-19.2446254363223 2.05347334389497 -1.16871027989213 2.05347334389497 -3.42382729883891 0.0473245359815474 -1.16871027989213 0.0473245359815474 -0.917684480337833
-21.849634067793 2.1950914180301 -1.23189687866849 2.1950914180301 -4.19795731640219 0.0682090553625172 -1.23189687866849 0.0682090553625172 -1.51300086440493
-8.44471451469132 -4.19645322509201 -1.75111258034703 -4.19645322509201 -3.05460348335092 -0.288052838660636 -1.75111258034703 -0.288052838660636 0.897315677266587
-9.18850195569926 -1.16104712211961 1.82271913795121 -1.16104712211961 -1.15688566290054 0.717851715289005 1.82271913795121 0.717851715289005 2.30752913697248
-12.1311997411356 -1.23318536307203 1.90412180637053 -1.23318536307203 -1.92920354256861 0.71482948164514 1.90412180637053 0.71482948164514 1.6365832869244
-16.8882806939496 -3.93682350503518 0.92705167246966 -3.93682350503518 -7.25491342776596 -0.297831080295683 0.92705167246966 -0.297831080295683 -2.31343437722632
-16.3569758909368 -4.14335101766604 -1.49418685619499 -4.14335101766604 -6.96940359526046 -1.4921058160053 -1.49418685619499 -1.4921058160053 1.65650799099054
-19.0269508714329 -4.22890810952634 -1.55108740349409 -4.22890810952634 -7.69272458875775 -1.45910917471546 -1.55108740349409 -1.45910917471546 1.04520714521165
-13.6708350403227 -1.3603127167543 -0.330332349015751 -1.3603127167543 4.60823885645575 1.40339954488679 -0.330332349015751 1.40339954488679 5.58692538117944
-18.5038406291123 0 0.002017207089187 0 -11.6110440053604 0.266271335772684 0.002017207089187 0.266271335772684 1.73076368252244
-13.5173834001775 0.298738087643002 2.52794230026182 0.298738087643002 -8.82616529284567 0.469739889535204 2.52794230026182 0.469739889535204 -0.0638681428754005
-16.2745594957414 0.314564222196426 2.47305424687322 0.314564222196426 -9.54454074190735 0.502888855221918 2.47305424687322 0.502888855221918 -0.697421992632866
-13.3938888584304 0.858039384318937 -2.99572268994315 0.858039384318937 -6.36644037007014 -2.44488259136803 -2.99572268994315 -2.44488259136803 -3.49571601018826
-16.6835803789292 0.56582925540898 -0.47781137123425 0.56582925540898 -0.888561497382991 -0.580498902771435 -0.47781137123425 -0.580498902771435 1.75197502785892
-19.1430482808122 0.517834822639081 -0.454684234512364 0.517834822639081 -1.6377052520862 -0.557830195119336 -0.454684234512364 -0.557830195119336 1.15565576271893
-17.1503740189302 1.84110415783315 2.79424215104765 1.84110415783315 1.99181401146108 3.11195481545249 2.79424215104765 3.11195481545249 6.08949273442601
-22.7060079513342 -1.42631458255595 -2.75433475839616 -1.42631458255595 -1.51206076713776 2.79407079515359 -2.75433475839616 2.79407079515359 -2.23358353983835
-25.2163883049137 -1.35702989378326 -2.72666378038804 -1.35702989378326 -2.26661804240269 2.82539505748992 -2.72666378038804 2.82539505748992 -2.76447575885259
-15.5197151864239 1.35452507372619 -1.44157135589354 1.35452507372619 -6.28431695647259 -0.694247177285993 -1.44157135589354 -0.694247177285993 -1.9065258874704
-14.9695796223708 0.641187019804574 -0.243651067525738 0.641187019804574 -7.51898645224164 -1.06650774294161 -0.243651067525738 -1.06650774294161 0.769424423765489
-8.10458276472707 0 0 0 -20.0711081329928 -0.252441161222345 0 -0.252441161222345 0.211724844896161
-17.5324830548863 0.729893992734339 -0.165299521883953 0.729893992734339 -8.24136187678567 -1.0347320720528 -0.165299521883953 -1.0347320720528 0.163152774846499
-6.82584122295835 1.35134057360593 1.82902375311315 1.35134057360593 -5.97522994716919 2.14328900278895 1.82902375311315 2.14328900278895 4.31800453054548
-3.01893071938397 1.56884391421403 0.84380051162906 1.56884391421403 -0.952140330406124 1.37924923135417 0.84380051162906 1.37924923135417 0.166676644272407
-5.81334379032961 1.51925399272113 0.814035541554434 1.51925399272113 -1.70340599183884 1.34975044807869 0.814035541554434 1.34975044807869 -0.51269590663454
-7.752207826087 -4.33991121887777 -0.793027670243408 -4.33991121887777 -0.658440728818287 0.0641876182181349 -0.793027670243408 0.0641876182181349 0.579759132292831
-14.0100249845514 -0.0720636686043492 0.758788040010501 -0.0720636686043492 -8.35090747944517 -0.146246856873532 0.758788040010501 -0.146246856873532 3.68796421681081
-16.5962486730461 -0.0425763177861623 0.734441481811301 -0.0425763177861623 -8.9963759482161 -0.138373032805028 0.734441481811301 -0.138373032805028 3.05910843293576
-4.52466153216282 -0.220663939097583 -0.342554495932438 -0.220663939097583 -5.24549706654825 3.32887313838639 -0.342554495932438 3.32887313838639 4.10434926721504
-13.6413416780489 -2.29673433477186 -2.4140698637006 -2.29673433477186 -14.9733172194067 -0.106471128102007 -2.4140698637006 -0.106471128102007 -6.25572199603423
-16.2891991054341 -2.2958517495869 -2.32422254116925 -2.2958517495869 -15.619211950374 -0.089477111913558 -2.32422254116925 -0.089477111913558 -6.85263735142858
-11.2974263811567 0 0 0 -20.8067414517138 -0.270058001143189 0 -0.270058001143189 -0.478739183844743
-6.87244862455655 1.24516045420559 -2.98001426351051 1.24516045420559 3.915454134149 0.851731604809536 -2.98001426351051 0.851731604809536 6.17139189823912
-2.64950093894001 -0.388565004743821 -0.698136025006756 -0.388565004743821 -0.751510338845193 2.03249387096768 -0.698136025006756 2.03249387096768 -1.58841957983188
-5.42067710019016 -0.388110187948742 -0.716181230800441 -0.388110187948742 -1.49025735151589 1.99844582965872 -0.716181230800441 1.99844582965872 -2.23002538931874
-10.025700807407 -1.56236337935008 -1.03085978802111 -1.56236337935008 -3.62622611503475 0.0535789910613882 -1.03085978802111 0.0535789910613882 -0.0342905542792884
-0.628369580356523 1.22399025750228 2.11639786999559 1.22399025750228 3.89711948208085 0.990654322125594 2.11639786999559 0.990654322125594 2.29447003120411
-3.46791046773311 1.12650559354935 2.08444648149459 1.12650559354935 3.14928206079854 1.01549956790762 2.08444648149459 1.01549956790762 1.61986570751256
-8.44128436185552 1.66493482808662 -0.0107972427242972 1.66493482808662 -9.72183734895716 0.775242027604536 -0.0107972427242972 0.775242027604536 -9.86436095291788
-10.8961310423042 -0.495179528849461 1.01653594909185 -0.495179528849461 -8.56638770833407 2.18577043130908 1.01653594909185 2.18577043130908 -6.86488976779407
-8.32327850541425 -0.447441381032186 1.07516254180064 -0.447441381032186 -7.90190167084996 2.27195963378479 1.07516254180064 2.27195963378479 -6.26852342552858
-4.37033062351059 1.63835617213122 -0.664870203861089 1.63835617213122 -2.81068182753738 4.10935353414455 -0.664870203861089 4.10935353414455 6.01282928912381
2.84703039421754 0 0 0 5.0247589062857 -0.833130999571029 0 -0.833130999571029 7.75391225260231
-1.18337480388442 0 0 0 -2.64121300766136 0.556882260651491 0 0.556882260651491 0.391806447672656
-4.39677048343374 4.04177831405145 1.34939794506162 4.04177831405145 -8.61604488217634 3.735971806692 1.34939794506162 3.735971806692 -1.5397250720196
-6.96709095809569 4.00328531007718 1.35304170887802 4.00328531007718 -9.27155723369269 3.71334780103189 1.35304170887802 3.71334780103189 -2.1863435867267
-4.82428290467477 -1.87646500618917 0.506922442080616 -1.87646500618917 -7.02023684494837 1.33333381824565 0.506922442080616 1.33333381824565 3.88072558601211
-6.29493605835659 -1.50889853084203 -2.60842260232209 -1.50889853084203 -5.10539247225243 0.690149612118087 -2.60842260232209 0.690149612118087 2.29121097936098
-7.2358608335101 1.35501435788907 0.136763871526071 1.35501435788907 -4.10502020534406 0.3724185424633 0.136763871526071 0.3724185424633 -1.06044601921753
-9.81705763091115 1.27414673944026 0.164815001121625 1.27414673944026 -4.76695695551777 0.376116284610888 0.164815001121625 0.376116284610888 -1.67984520373964
-2.80414299720411 1.03913157292387 1.0996215605369 1.03913157292387 -7.38625955889126 1.19899796875831 1.0996215605369 1.19899796875831 -4.51730586067319
-1.66264214842514 1.74232836538334 -3.07976460135745 1.74232836538334 -5.63403090709866 2.82778386124639 -3.07976460135745 2.82778386124639 1.92539129623326
-12.0863304354201 0 0 0 -16.1384187536259 -0.839214230369537 0 -0.839214230369537 -6.67463278811065
-4.40131286671357 1.73889707363032 -2.91762705513347 1.73889707363032 -6.26997837867451 2.80516107524693 -2.91762705513347 2.80516107524693 1.25659104450152
-5.51061823633324 -0.265389993370786 2.11448937807618 -0.265389993370786 -5.32721864741847 3.63994242940257 2.11448937807618 3.63994242940257 -7.04901714099479
-3.86237022348266 -0.74424409621925 -0.787016745427253 -0.74424409621925 -1.4414382783097 1.5676175934733 -0.787016745427253 1.5676175934733 1.93118511174133
-4.6456309973306 0.874270040088046 -3.65993438350584 0.874270040088046 -8.68055865783499 -0.68998762967733 -3.65993438350584 -0.68998762967733 8.48341933507004
-7.18708559872029 0.839210593862548 -3.63657924007104 0.839210593862548 -9.30232665966102 -0.684279407303309 -3.63657924007104 -0.684279407303309 7.82402492124161
-8.72939284301313 -1.89122468461525 1.37798469038671 -1.89122468461525 -8.48571166928277 3.02337173070761 1.37798469038671 3.02337173070761 -3.78460583979448
-15.3001570896046 0 0 0 -16.9537812008831 -0.750331940492631 0 -0.750331940492631 -7.35656026505034
-3.58502280551364 -0.246052137163489 0.1165510123406 -0.246052137163489 1.91229994321799 0.787798509339242 0.1165510123406 0.787798509339242 -2.37634564050001
-6.15742802244741 -0.264416127679896 0.173387624708128 -0.264416127679896 1.2180480635746 0.840929979834422 0.173387624708128 0.840929979834422 -3.03211608708339
-3.42221805996116 4.36231773833458 -2.52678375092222 4.36231773833458 4.87490602450651 1.32719954593895 -2.52678375092222 1.32719954593895 -1.45056104219609
-5.98009332641364 4.42313331392951 -2.5137749447103 4.42313331392951 4.20101556180558 1.34338525082649 -2.5137749447103 1.34338525082649 -2.09303266424477
-5.03765486757369 -0.919728710027615 -0.76607474892515 -0.919728710027615 0.717783504007232 -0.93728916272504 -0.76607474892515 -0.93728916272504 1.0009458037532
6.42022102874215 0 0 0 8.09454500849427 -1.54766117277323 0 -1.54766117277323 12.3377490422869
-12.9040416198366 0 0 0 -7.37550493862228 -1.38728754155752 0 -1.38728754155752 -6.12838909517161
-15.9356900086327 0 0 0 -8.18845477760629 -1.40858822382299 0 -1.40858822382299 -6.86065323132609
2.14565543608036 0 0 0 11.2463346716227 -2.58212907041609 0 -2.58212907041609 6.98765734221607
-16.8819104363126 0 0 0 -6.9006652478689 2.22474788695593 0 2.22474788695593 -8.37344419450919
-19.7864186426533 0 0 0 -7.76719735935363 2.22098844137389 0 2.22098844137389 -9.14487815945397
0.176019651477755 0 0 0 4.10645846004353 -3.11034725054442 0 -3.11034725054442 10.9332206247433