1.70325477075067 0.628732316610434 1.76633828077848 0.628732316610434 1.95769159452948 3.49062088820508 1.76633828077848 3.49062088820508 -9.39313464313982
-1.58500263562409 -1.16878178435941 0.403608098196055 -1.16878178435941 7.83462178112863 -1.77209180614205 0.403608098196055 -1.77209180614205 -3.52106023165829
-8.18748824430771 -1.93642339415707 -2.14742980260098 -1.93642339415707 -10.5151526874545 0.158254806332928 -2.14742980260098 0.158254806332928 -4.79160385841364
0.805812486196778 -0.257612687403062 1.57040694240907 -0.257612687403062 8.1529263309321 0.908857561158002 1.57040694240907 0.908857561158002 1.84862864480437
-6.12799941465582 5.34203341608598 -2.94103405916456 5.34203341608598 -1.26515172027855 -1.83054016441105 -2.94103405916456 -1.83054016441105 5.36485178378639
-10.2160350602279 -0.0623562668986445 1.13540369311282 -0.0623562668986445 -0.371539423604423 0.979513025866207 1.13540369311282 0.979513025866207 2.15129120800324
-3.51497005960608 4.33200312823643 2.44122569448765 4.33200312823643 2.37211111466394 2.42147867168088 2.44122569448765 2.42147867168088 -0.202406983769451
-8.87277329063198 -2.08935343944456 1.0972863387011 -2.08935343944456 -5.29961386284601 1.63626651681064 1.0972863387011 1.63626651681064 2.85595074456451
-1.85383497214794 -2.52872369920976 1.28017955414539 -2.52872369920976 -11.8063346690377 2.54348689011424 1.28017955414539 2.54348689011424 -12.0066922598842
0.841336739576447 0.535396107003194 -1.05379551219676 0.535396107003194 -6.47149421401479 -1.49995893469942 -1.05379551219676 -1.49995893469942 -0.594884563336882
-9.11101184693525 -1.43801600410992 1.47450297734853 -1.43801600410992 -13.525935608807 -2.43174945172618 1.47450297734853 -2.43174945172618 -10.1412322677901
-2.52417229347474 -0.964941992419385 3.00871398065529 -0.964941992419385 -2.50346538376617 -1.26519218319366 3.00871398065529 -1.26519218319366 0.521814124655976
-5.47616724308002 2.07263605407595 -0.419613434260775 2.07263605407595 6.97236463998965 0.820153530600606 -0.419613434260775 0.820153530600606 -1.03207950749999
-2.40423257752279 0.806483079801947 -1.20972461970292 0.806483079801947 0.578233151556113 2.94949629499895 -1.20972461970292 2.94949629499895 1.64339948337001
-0.482584662626451 -4.89515399802469 -1.7506528718683 -4.89515399802469 -0.120646165656613 6.04770992099957 -1.7506528718683 6.04770992099957 -0.931799109220222
1.0187972739388 4.67206022594157 2.65504744117385 4.67206022594157 -4.04688917147913 4.11635262197496 2.65504744117385 4.11635262197496 0.0128636019436717
6.19085077138345 9.41627115248261 -2.14942220129114 9.41627115248261 -2.3939672421566 -2.64366059967185 -2.14942220129114 -2.64366059967185 8.47155504724447
-4.24918184575147 -0.117669651113118 -1.2446834206632 -0.117669651113118 -10.32616560546 1.80165310259862 -1.2446834206632 1.80165310259862 -6.62610879823645
4.75605805051236 -3.1415015017858 0.317904932850037 -3.1415015017858 2.82359656893576 2.45062149023769 0.317904932850037 2.45062149023769 2.75100410395426
8.06766849655296 -6.33670370570464 -0.948090847263471 -6.33670370570464 2.79343657142776 -0.579530062134239 -0.948090847263471 -0.579530062134239 -0.927756459118409
-1.80831599259254 -3.7397863093117 1.00781288576951 -3.7397863093117 1.48400960572577 1.06939004783282 1.00781288576951 1.06939004783282 4.84407008231372
-4.58407642299047 -3.64132518736872 -1.50469684113428 -3.64132518736872 -4.61083573753869 1.75170589850242 -1.50469684113428 1.75170589850242 -7.50701693518017
4.16396253172789 -3.21489953732321 1.39278075802245 -3.21489953732321 1.78514229899928 1.02917870172456 1.39278075802245 1.02917870172456 9.8973712273631
-1.87495918310329 2.73152856824944 1.22983513736349 2.73152856824944 -5.92478471438623 -1.66567144920108 1.22983513736349 -1.66567144920108 1.81238862348304
0.129389531561025 -0.747583960130364 0.0472374480302153 -0.747583960130364 3.30045995585026 1.16450578404922 0.0472374480302153 1.16450578404922 5.31729360653163
-4.49692884498589 1.61314372765596 3.1924600639063 1.61314372765596 -4.3996750946947 -0.568723018007148 3.1924600639063 -0.568723018007148 -7.01918371666815
-7.44997141307958 0.603769416259113 4.13028420741961 0.603769416259113 4.85731450796691 -0.655998604516822 4.13028420741961 -0.655998604516822 -4.18251339567732
-5.178364423636 -0.852268126197454 1.23871323243895 -0.852268126197454 9.35614935597646 0.958801641972135 1.23871323243895 0.958801641972135 0.8209347392049
-1.36102258533787 5.05224922949309 -0.24177430306155 5.05224922949309 1.26514656860656 2.09259827822238 -0.24177430306155 2.09259827822238 2.54905148831272
-0.287024601650145 0.341896951965614 -2.79215844105252 0.341896951965614 -3.51605137021428 2.56633761475424 -2.79215844105252 2.56633761475424 3.46751044493521
-5.53545086745561 1.49657551733246 2.88878733052736 1.49657551733246 -6.73772073912018 -0.993542463389469 2.88878733052736 -0.993542463389469 3.86354432717207
-3.2800754156697 1.11603343695826 -0.036138225577696 1.11603343695826 3.45651498760786 2.13428108705922 -0.036138225577696 2.13428108705922 11.9745073340683
-2.06554287340766 0.181884848164439 -0.163069174216394 0.181884848164439 -6.68374551243348 3.8070380288212 -0.163069174216394 3.8070380288212 5.11577268342969
7.14105373507239 2.10145450514392 -2.11361570019684 2.10145450514392 -2.96489935390097 -2.39818766443507 -2.11361570019684 -2.39818766443507 4.21750244435134
7.3520322777803 7.65457492420619 -1.17819453364228 7.65457492420619 -9.48212928432354 0.46242290673225 -1.17819453364228 0.46242290673225 10.8177443819598
17.9523190007741 0.755320963559987 3.49599021833492 0.755320963559987 0.596306023863147 -3.07039140914632 3.49599021833492 -3.07039140914632 8.31320750915094
15.5519470633944 1.91016348546609 -0.898208291933749 1.91016348546609 2.39849070094973 3.72815275756781 -0.898208291933749 3.72815275756781 15.2773855767771
12.6504723280942 -0.249408956364739 1.01638837856909 -0.249408956364739 12.3691840314423 2.17529616077517 1.01638837856909 2.17529616077517 21.9854932663173
12.9460215582459 -2.27771541543271 1.08229192753177 -2.27771541543271 15.5555895507615 0.0339394681107524 1.08229192753177 0.0339394681107524 22.3020016007766
12.5021304011876 -4.12651400177984 2.8572526109216 -4.12651400177984 13.0132297131083 4.65081514094565 2.8572526109216 4.65081514094565 15.2009610851671
19.6622116959797 -6.03389631078573 2.7140341814445 -6.03389631078573 18.3830331806065 2.8903432436807 2.7140341814445 2.8903432436807 17.3214275505459
9.65582552045082 -1.81696658021407 4.54147109851633 -1.81696658021407 15.9953561588044 2.40119412785834 4.54147109851633 2.40119412785834 8.65375238047844
15.1238832843201 -0.837405651937455 0.4158927398884 -0.837405651937455 16.8230486675578 0.279135217312485 0.4158927398884 0.279135217312485 18.0014114305749
12.1302735034385 -1.83739107609664 2.18081052748957 -1.83739107609664 9.28202630205527 -0.455952378968016 2.18081052748957 -0.455952378968016 13.6242451281422
27.4832276809955 0.389423361717157 1.3173316590145 0.389423361717157 19.4376292317387 1.41608495169875 1.3173316590145 1.41608495169875 15.6961837277767
11.4565702454684 -0.418728777493246 -1.76922339319218 -0.418728777493246 15.0176510198253 -0.462110587774078 -1.76922339319218 -0.462110587774078 22.0379596226626
12.9575668231879 1.76198420849787 -1.53623596028642 1.76198420849787 8.45025434194908 -1.34109764403584 -1.53623596028642 -1.34109764403584 14.3388400029224
8.63620454068337 0.446700234862933 -0.0782679898691463 0.446700234862933 12.700413087791 -0.727319613174262 -0.0782679898691463 -0.727319613174262 17.1006012987271
7.36184399732916 -3.86640222405184 2.18178285739028 -3.86640222405184 3.38262390422735 -1.59857183942005 2.18178285739028 -1.59857183942005 21.3264015849902
23.9446368695856 -5.31546836276438 -0.880658344022699 -5.31546836276438 17.959868165364 3.40583026940989 -0.880658344022699 3.40583026940989 19.821301801993
9.86312820590568 -0.910998536565526 2.05022217623724 -0.910998536565526 13.7467587104293 0.116014427412311 2.05022217623724 0.116014427412311 15.6904758385503
17.999312789795 -8.78577059392189 4.01640757488167 -8.78577059392189 10.2471622657463 -2.23176767895835 4.01640757488167 -2.23176767895835 6.89467170203784
9.54263635874695 -3.13034854341739 -1.07060951999445 -3.13034854341739 9.64117033226856 1.48558913924893 -1.07060951999445 1.48558913924893 15.6820608627859
5.45449822468393 -2.97078801252275 2.60354681383744 -2.97078801252275 7.02590398537424 1.0707980214298 2.60354681383744 1.0707980214298 17.7899368036821
9.637643652268 -3.51927985275725 2.25354099429493 -3.51927985275725 13.7841590817707 -0.86573533197497 2.25354099429493 -0.86573533197497 24.865946921216
8.18304110647146 -0.4077428059941 -0.263059874834903 -0.4077428059941 9.58853243773223 0.379557819404646 -0.263059874834903 0.379557819404646 23.2657669300412
16.6793001594274 -3.87042688196235 -1.99907270804368 -3.87042688196235 23.437276508564 -1.40490387537514 -1.99907270804368 -1.40490387537514 18.5173364548787
5.7525365211352 -1.12624962010177 5.08833802722903 -1.12624962010177 7.21762363378041 0.662273280880358 5.08833802722903 0.662273280880358 13.0413930368708
10.8740633330533 -0.693926902740428 3.3895660249244 -0.693926902740428 17.1575333095161 0.901723695044567 3.3895660249244 0.901723695044567 15.2854557861889
11.9225853685906 -2.41801505295491 2.76647104386641 -2.41801505295491 13.8978110408292 -3.23428765044924 2.76647104386641 -3.23428765044924 6.7188475595642
12.8932579782663 3.0433569573007 4.94231906635833 3.0433569573007 10.479028711568 1.34509816058249 4.94231906635833 1.34509816058249 20.7727928271304
6.92837240846488 0.158621772229776 5.02868785057017 0.158621772229776 10.5426827899862 0.693026076289619 5.02868785057017 0.693026076289619 15.7035554507479
6.58426503914305 2.1560613553032 5.10756282227166 2.1560613553032 9.76031658548113 2.71363062017861 5.10756282227166 2.71363062017861 16.3236489901067
1.92395491953557 -0.455829319397658 0.414390290361507 -0.455829319397658 10.2275470235414 6.64208436836588 0.414390290361507 6.64208436836588 15.6856591337315
21.301196390314 -3.95175265756146 2.05592665435386 -3.95175265756146 10.2347269915697 1.48971703444634 2.05592665435386 1.48971703444634 5.64647662335363