13.9938084964352 0 0 0 -7.63741371563653 0 0 0 -22.0271735192034
-2.03588452019074 0 0 0 -2.19265180870646 0 0 0 -1.13917562988086
-2.03588452019074 0 0 0 -2.19265180870646 0 0 0 -1.13917562988086
13.2893946902808 0 0 0 -8.10640310117992 0 0 0 -24.57665675111
-12.8138631347888 0 0 0 -4.38564048126717 0 0 0 -9.51033867762959
-24.7193219782333 0 0 0 -10.3681683652213 0 0 0 -14.5500889664194
-25.2019916472396 0 0 0 -10.8438420349956 0 0 0 -18.0723535837945
-13.7058870409485 0 0 0 -11.3625601819043 0 0 0 -18.3045587066371
7.50068129196955 0 0 0 -8.12678858188746 0 0 0 -27.939512554793
-27.1843509545526 0 -0.00215423971428423 0 -9.89011452827888 0 -0.00215423971428423 0 -2.46660447285544
-20.8952038584037 0 -0.00214134083402374 0 -1.89294529727699 0 -0.00214134083402374 0 -13.6703198844076
-21.4362559455724 0 -0.0021515864644758 0 -2.43344429132213 0 -0.0021515864644758 0 -16.7952839416981
-2.71618138112617 0 -0.00210068165593671 0 -2.81071205564332 0 -0.00210068165593671 0 -4.36101511772461
2.65088982619346 0 0.0297852789459939 0 -14.9756127500608 0 0.0297852789459939 0 -12.3566357227381
-15.993808374564 0 -0.105236847426878 0 -8.90566821349951 0 -0.105236847426878 0 -27.1554915047772
-16.4907188813872 0 -0.103535103850548 0 -9.40407145399973 0 -0.103535103850548 0 -29.6330684467567
6.56765710053714 0 1.11921160921599 0 -12.694679709257 0 1.11921160921599 0 0.898894363307331
6.0011075067193 0 1.10016614933216 0 -13.1555078983522 0 1.10016614933216 0 -2.57443306171691
9.12531907102868 -0.00426317172204096 -0.639475758306144 -0.00426317172204096 2.89256201340479 -0.00639475758306144 -0.639475758306144 -0.00639475758306144 0.899529233350643
-1.41720776536035 0.363050137422559 -2.59384013845274 0.363050137422559 12.092194034996 0.0196834411855604 -2.59384013845274 0.0196834411855604 -3.1406023936072
-2.02597081871663 0.360367911355236 -2.58190424294148 0.360367911355236 11.446075916155 0.0175789225051335 -2.58190424294148 0.0175789225051335 -6.14822814617043
-9.2989957815792 -0.292193216072558 -1.91738468065131 -0.292193216072558 3.15440705526506 0.432957831114812 -1.91738468065131 0.432957831114812 -13.5027390580683
-2.02705069027879 0 0 0 -2.01028088105207 0 0 0 -3.92832781135723
-0.0366516788513298 -0.549775182769947 -2.44703855860349 -0.549775182769947 5.48912790326387 1.12111017662891 -2.44703855860349 1.12111017662891 -3.03346542022477
-0.651997055138555 -0.552356309170537 -2.48018813333437 -0.552356309170537 4.90838979051151 1.11337703103394 -2.48018813333437 1.11337703103394 -5.95028541682927
4.88173715691632 2.35086288899789 -2.51158733446265 2.35086288899789 10.7963967500195 -0.250730134925026 -2.51158733446265 -0.250730134925026 0.657898730102419
-9.61785567709103 -1.25871265572668 1.00697012458134 -1.25871265572668 2.08924784394975 0.701436454302388 1.00697012458134 0.701436454302388 -12.6000364306589
-10.2378112935196 -1.26675621157147 1.01599900928087 -1.26675621157147 1.54993891415827 0.657156806002949 1.01599900928087 0.657156806002949 -15.7198825435968
-4.77437444050449 0.117939716279617 0.570041962018149 0.117939716279617 5.23739703034299 -2.33476956857242 0.570041962018149 -2.33476956857242 0.404052731698688
-0.213563006226576 0.553128186126831 0.403634081768228 0.553128186126831 4.38871977795613 -0.638553388617461 0.403634081768228 -0.638553388617461 -8.55106276931209
-0.851788578602142 0.540681918911183 0.394783623331975 0.540681918911183 3.8191024431028 -0.59002987182768 0.394783623331975 -0.59002987182768 -11.7469583572965
-6.23066338335173 2.10775449203264 -0.346147965741763 2.10775449203264 1.48821577627828 -1.20821073392666 -0.346147965741763 -1.20821073392666 -8.43983702458259
-4.12316421447212 -1.73443486590489 -0.904922538732988 -1.73443486590489 -0.0266153687862644 -0.958153276305517 -0.904922538732988 -0.958153276305517 -4.85286890869553
7.32918614349277 0 0 0 12.2729879266245 0 0 0 -3.6007356320476
-4.77729443778416 -1.69567213953067 -0.978186687587335 -1.69567213953067 -0.541456412491395 -0.97150204051954 -0.978186687587335 -0.97150204051954 -7.67620304951793
-2.17624150932565 -1.57551963668065 -1.23885133442906 -1.57551963668065 -3.38208614745554 -1.25865535220857 -1.23885133442906 -1.25865535220857 -4.62533837472449
3.42310839216941 -1.26749304975908 -1.4363459300903 -1.26749304975908 -0.35086312796099 2.07009245496984 -1.4363459300903 2.07009245496984 -7.35716121443201
2.72731407233603 -1.26892803365554 -1.48261903932322 -1.26892803365554 -0.837140022203305 1.99371505287892 -1.48261903932322 1.99371505287892 -10.3276642739187
-7.37730379768986 2.31718739662937 -1.18631125090594 2.31718739662937 -5.70094621697043 -0.461220075118573 -1.18631125090594 -0.461220075118573 -7.53030468799362
-1.55986112375278 -3.19389746178191 1.60131197878956 -3.19389746178191 -3.41642310461098 0.146168804603407 1.60131197878956 0.146168804603407 1.69948505650827
-2.37572845817216 -3.19539860886994 1.57139972740723 -3.19539860886994 -3.85727129740129 0.181905407775175 1.57139972740723 0.181905407775175 -1.01034208414886
0.509138001582391 -1.79775276664933 1.28185629601938 -1.79775276664933 -7.84432974119419 -1.79099429760177 1.28185629601938 -1.79099429760177 6.91841948167931
4.82426232342147 2.36308598097355 2.71977820451672 2.36308598097355 -5.46630832579919 -2.35416867538497 2.71977820451672 -2.35416867538497 9.19151273542824
3.85866882078078 2.35596030148658 2.69860471795754 2.35596030148658 -5.83839211594631 -2.34924178351656 2.69860471795754 -2.34924178351656 6.68044636818866
6.58726732832466 0 0 0 11.5722263875974 0 0 0 -6.78807340338672
2.27445859573413 -1.36069264238958 -2.49570943189504 -1.36069264238958 -0.856240735942714 -3.8984397331552 -2.49570943189504 -3.8984397331552 7.14197699127411
1.01844431282063 -3.71953575117101 0.836895544013476 -3.71953575117101 -11.2161714972811 -2.03467461626557 0.836895544013476 -2.03467461626557 5.2117780703908
0.124548092427421 -3.70308167663672 0.887405158545377 -3.70308167663672 -11.6207818380942 -1.93494357878315 0.887405158545377 -1.93494357878315 2.68000806026862
7.97905319721003 0.00663262942411474 -1.5763549264646 0.00663262942411474 -11.4678162742944 -1.70458576199749 -1.5763549264646 -1.70458576199749 8.36153482733398
4.77627904212539 -1.69283067380235 2.5819500186455 -1.69283067380235 -5.13762064778824 -2.08483156721842 2.5819500186455 -2.08483156721842 10.6541024942412
3.86515115771254 -1.71368967094938 2.5958328776897 -1.71368967094938 -5.60303927074208 -1.98867196731482 2.5958328776897 -1.98867196731482 8.03828248735436
6.80838314554454 -2.81479621453289 1.34780850303269 -2.81479621453289 1.94803833476911 -1.41281534401497 1.34780850303269 -1.41281534401497 6.39667315265674
0.00444760564876672 -0.767211974412259 -0.57596493151529 -0.767211974412259 -5.45943593386115 -4.12293043640675 -0.57596493151529 -4.12293043640675 5.08583705936474
-0.884592685539111 -0.752797310673435 -0.612066656155849 -0.752797310673435 -5.86824491139203 -4.0007714641428 -0.612066656155849 -4.0007714641428 2.60240019861885
-1.48584087010502 2.00722780193404 -1.35829127733998 2.00722780193404 -8.75616765771225 -5.0259014973733 -1.35829127733998 -5.0259014973733 3.09251819651376
13.5186905177254 0.00207819992586094 0 0.00207819992586094 18.0325407566954 0 0 0 2.88038509724327
4.46753108553565 2.08380332697079 0.071623744858287 2.08380332697079 -1.50409864202403 -1.23103311475181 0.071623744858287 -1.23103311475181 6.09697128106168
3.57251533208776 2.08865119163595 0.0584552540177985 2.08865119163595 -1.83909222255997 -1.16236024335392 0.0584552540177985 -1.16236024335392 3.64895681811104
2.89327985385392 -0.346649818042012 0.514310514349914 -0.346649818042012 -1.26651796265023 0.24922535937661 0.514310514349914 0.24922535937661 1.36620810640087
-1.21062092489101 3.89937825994857 -0.0181366430695282 3.89937825994857 -0.754937767769113 -0.0657453311270399 -0.0181366430695282 -0.0657453311270399 6.94180013486194
-1.44559965937503 2.18799693261069 -0.622507030352884 2.18799693261069 -8.03956301792781 -1.28420894780206 -0.622507030352884 -1.28420894780206 4.75641482821482
-2.32509192614276 2.186142209441 -0.583588810147385 2.186142209441 -8.38793123156281 -1.0953869333322 -0.583588810147385 -1.0953869333322 2.34825021225972
-1.74313967057333 -0.637568595462619 5.72681295144261 -0.637568595462619 0.156000826549364 -3.71915014019861 5.72681295144261 -3.71915014019861 1.08748402275716
2.57591410072854 0 0 0 -3.87015386841166 0 0 0 29.5811273762525
-2.59108024912665 -0.649473226336741 5.58410721525191 -0.649473226336741 -0.204379686609464 -3.68110524437712 5.58410721525191 -3.68110524437712 -1.25352874453805
1.87099530123377 0 0 0 -4.48281213906404 0 0 0 25.3584053819637
-0.470921032239852 -1.22669185959064 -2.39825150077271 -1.22669185959064 -13.3603742610097 0.0482406911074971 -2.39825150077271 0.0482406911074971 1.5620795215761
16.7107504539506 0 0 0 3.93256413546905 0 0 0 -13.2144319899445
-2.03588452019074 0 0 0 -2.19265180870646 0 0 0 -1.13917562988086
-1.52627982938284 0.00212278140387044 0 0.00212278140387044 -3.63632454483006 0.00212278140387044 0 0.00212278140387044 -4.55548889270596
-2.15457085025615 0 -0.00213323846560015 0 -4.21741244649149 0.00213323846560015 -0.00213323846560015 0.00213323846560015 -7.55593064515573
-1.81208372219261 3.46816023651434 0.168007762322494 3.46816023651434 -4.46180614510738 -1.67287729055398 0.168007762322494 -1.67287729055398 -4.92262743604908
-2.58604955717199 3.46815033808993 0.228960585210941 3.46815033808993 -4.70935772107556 -1.53042075377839 0.228960585210941 -1.53042075377839 -7.04475569022716
-14.5957569511041 0 0 0 -4.09988404035085 0 0 0 5.50046554481854
-0.117250521346495 -2.51111533217077 0.207631131551085 -2.51111533217077 2.01035789725345 1.34105283790054 0.207631131551085 1.34105283790054 -4.4286499000249
3.96959064285255 1.71376483328876 0.979970498593294 1.71376483328876 -7.12490628204303 -2.71977319537124 0.979970498593294 -2.71977319537124 -1.68535989130054
-4.30487255053851 0 0 0 -9.27105491681706 0 0 0 -14.9345800054625
4.7746332862173 2.64959210466632 8.24154892224939 2.64959210466632 -9.88351530018717 -1.54437550852098 8.24154892224939 -1.54437550852098 0.0683136085917652
-3.17782294884376 6.54947395405524 2.80452446991331 6.54947395405524 -5.98713329669207 -0.394834929637967 2.80452446991331 -0.394834929637967 -9.08838219857574
-3.91387934719328 6.53274275323421 2.70055272329358 6.53274275323421 -6.131504047905 -0.487733276537898 2.70055272329358 -0.487733276537898 -11.016044694218
1.56045460441243 1.07693345938323 -0.446890755254264 1.07693345938323 -0.844940990808609 1.41149101932768 -0.446890755254264 1.41149101932768 -4.87672589203697
4.57005934846259 -1.454887807563 -2.48675781561608 -1.454887807563 -2.93667270064397 -0.471921591360771 -2.48675781561608 -0.471921591360771 -9.26482336614487
3.7709556691954 -1.44356896711387 -2.4427740174801 -1.44356896711387 -3.06144643195747 -0.409993227054448 -2.4427740174801 -0.409993227054448 -11.3055018597948
1.21659462503873 -0.0961734881453543 0.067321441701748 -0.0961734881453543 -7.16732920403253 0.495293463948574 0.067321441701748 0.495293463948574 -6.96296054172365
4.18354211835082 -3.31604360666008 1.59082121439625 -3.31604360666008 4.64783709643882 -0.0488731555882105 1.59082121439625 -0.0488731555882105 -2.97881883310143
-4.92662718354451 0 0 0 -9.82556472014304 0 0 0 -17.4316977389227
11.0562665556565 0 0 0 -10.3221355193336 0 0 0 -16.9082191268053
-14.9873439716787 0 0.00209408187392465 0 6.71153240592852 0 0.00209408187392465 0 6.57960524787126
-15.5570669100735 0 0 0 6.06668793476827 0 0 0 2.95653713088776
-18.962857432068 0 0 0 -2.95152498578467 0 0 0 -3.00677311366833