-13.5242127426356 -0.937321675232174 1.45908201661757 -0.937321675232174 -7.3254228460879 -2.81658237385037 1.45908201661757 -2.81658237385037 2.09858473592622
14.194550563129 1.03701741867454 1.21884513562903 1.03701741867454 4.42181030351976 1.59848542377578 1.21884513562903 1.59848542377578 13.8728553715941
1.00390061801145 -4.28976007053887 -0.64306083764187 -4.28976007053887 9.75880098753697 -3.14474892389128 -0.64306083764187 -3.14474892389128 16.0825685351312
5.35122779394737 -5.68889665051042 -1.57304272203763 -5.68889665051042 3.87701498114771 0.434439809358559 -1.57304272203763 0.434439809358559 6.65866513490796
12.0325990274722 -2.46965997973358 0.0299716016957959 -2.46965997973358 5.19707573405101 2.10001022548543 0.0299716016957959 2.10001022548543 10.821746318962
-5.35979935177595 -1.94179638928071 2.39855985812287 -1.94179638928071 1.13197903147841 1.22686226413645 2.39855985812287 1.22686226413645 3.38049098679323
4.30991632385545 -1.91818250853094 -0.991060962740985 -1.91818250853094 12.2783661613777 -1.34472586275138 -0.991060962740985 -1.34472586275138 13.1575331444544
-16.9252421420976 0.344463123904077 4.1428673010085 0.344463123904077 -17.479176084592 5.62312775238007 4.1428673010085 5.62312775238007 -7.70154376350399
3.03912041195371 -0.305710337297118 -1.41865581360101 -0.305710337297118 3.92627982214927 0.433589171199181 -1.41865581360101 0.433589171199181 10.4201268562384
-26.4381185671999 1.14907806167941 6.9597304100907 1.14907806167941 -22.4011952348901 -4.24669417521274 6.9597304100907 -4.24669417521274 -12.4324186227139
2.28703990371836 -3.47755382620189 -0.474116948076775 -3.47755382620189 3.98508870894487 -3.2624258717882 -0.474116948076775 -3.2624258717882 6.18231791324781
5.79650776796693 2.79135517126846 0.657377130527791 2.79135517126846 7.07529610698756 0.457566452555818 0.657377130527791 0.457566452555818 11.0095683562557
-13.3690648940481 0.271289708941992 -4.34983160439193 0.271289708941992 1.77487843477303 -3.51297182426579 -4.34983160439193 -3.51297182426579 -11.5987845899351
5.72457592389702 1.24881673732483 0.0599432033915918 1.24881673732483 9.26122492400094 0.0619413101713116 0.0599432033915918 0.0619413101713116 15.691132541139
-16.3549578684591 3.33443852903597 -0.703937022796482 3.33443852903597 -16.9315378641049 3.03804399312166 -0.703937022796482 3.03804399312166 -11.9345112351746
2.81932866618454 1.22084324240875 1.49258576445064 1.22084324240875 9.16731390535412 -1.1948678542724 1.49258576445064 -1.1948678542724 12.2943510156155
-0.340921106534348 -3.84820536690826 -5.96144921220679 -3.84820536690826 -14.1155348561653 3.462917815003 -5.96144921220679 3.462917815003 -13.1254626015724
12.8526411461831 2.19460777240458 7.58516526659986 2.19460777240458 5.33423200954231 1.96096131754782 7.58516526659986 1.96096131754782 -0.778126139835464
-11.7131036614744 1.99561660742919 3.28030908552221 1.99561660742919 -10.9816061650514 0.461757794617064 3.28030908552221 0.461757794617064 4.35698196306992
1.18919921486721 -3.86021556164573 2.64526597007864 -3.86021556164573 -7.01814812238564 3.43884576110223 2.64526597007864 3.43884576110223 -6.92216944559517
0.425985679777165 -0.432931098469184 1.22470882935935 -0.432931098469184 -13.538936170309 3.73432011674221 1.22470882935935 3.73432011674221 -22.7485613559262
7.23914086292458 0.065937523730751 -0.267746308482444 0.065937523730751 7.69670731548039 2.21190420514974 -0.267746308482444 2.21190420514974 13.8728553715941
13.0074090840262 -0.502224680304079 6.24944016411854 -0.502224680304079 10.5635291543456 3.80345887594303 6.24944016411854 3.80345887594303 2.67713072262509
7.69071299514123 2.0560518763316 -2.5016296882091 2.0560518763316 2.2079079915903 1.15090950511856 -2.5016296882091 1.15090950511856 8.78967172398709
-13.5885937633143 1.32032624972987 -1.8756566036935 1.32032624972987 4.51347578502077 0.954828210641556 -1.8756566036935 0.954828210641556 -9.19978397612205
-8.15928374416516 1.66383576492774 -0.63262836187364 1.66383576492774 -0.600185881777556 -2.76919740820147 -0.63262836187364 -2.76919740820147 -14.8007228838349
12.6419146323328 -2.14986975496863 0.993065455559199 -2.14986975496863 28.8541866519974 -1.26525470247906 0.993065455559199 -1.26525470247906 9.4777146368894
8.00641386633695 1.40666717292269 -2.52760507634546 1.40666717292269 2.10400643904487 0.871174555957802 -2.52760507634546 0.871174555957802 10.3961495748817
-11.1438675367523 -9.09155934308878 3.57632681186912 -9.09155934308878 -16.3022971609873 0.0525523661450219 3.57632681186912 0.0525523661450219 -25.0923718772441
-17.1333928537124 -1.1018779009331 8.22365896713176 -1.1018779009331 0.466623345887813 1.50151076647069 8.22365896713176 1.50151076647069 -11.889655253884
1.11893979664305 2.18193260345394 1.02103256443678 2.18193260345394 7.69271110192095 -2.39573002888395 1.02103256443678 -2.39573002888395 12.2823623749372
-5.11244415920878 7.66982763003515 1.84428926052329 7.66982763003515 5.55609560600972 -0.313575629937839 1.84428926052329 -0.313575629937839 -1.59110597412904
4.81343923234483 0.557471791541804 -2.13997236107983 0.557471791541804 2.51561643566714 0.845199167821445 -2.13997236107983 0.845199167821445 12.9657148936013
25.9721195016635 1.51188215043834 -2.09647658194117 1.51188215043834 10.0066439930346 -9.0289602024178 -2.09647658194117 -9.0289602024178 7.40620669428064
3.36081560348858 3.11504846958306 -0.757282469513777 3.11504846958306 1.97612760514281 -1.66841916106597 -0.757282469513777 -1.66841916106597 8.35808065956762
-11.6782694258156 0.983917187844304 0.896560054344109 0.983917187844304 -4.62762920357613 5.44372874022269 0.896560054344109 5.44372874022269 -8.40007804762403
-17.3266098384492 -5.04956353728466 1.38037134079978 -5.04956353728466 -9.12460850405597 0.382256678990708 1.38037134079978 0.382256678990708 -7.10714269827168
13.1595312512341 1.84625066446103 -4.77347709675043 1.84625066446103 7.04332639851204 -0.381638394926468 -4.77347709675043 -0.381638394926468 4.50972700182743
-14.4980299463965 1.89284296657337 7.98894449649514 1.89284296657337 -3.85451658647669 3.6044318793779 7.98894449649514 3.6044318793779 -14.5829210855035
5.82847747644245 -0.609422567814517 1.95015221700645 -0.609422567814517 9.52297691214422 -0.107897766104865 1.95015221700645 -0.107897766104865 12.4941616935875
4.64928543750162 4.84628905773474 1.85390775250957 4.84628905773474 14.0722796515995 3.48800093928533 1.85390775250957 3.48800093928533 18.4125804636828
-27.5015985325771 0.570110772355208 -1.0947943915347 0.570110772355208 1.71941774770077 -2.36902603811347 -1.0947943915347 -2.36902603811347 -1.80572933873462
14.3543991055065 -2.79135517126846 -0.489536161031333 -2.79135517126846 7.89851610023209 -2.14197046785955 -0.489536161031333 -2.14197046785955 14.1186225054996
-1.93609696498205 -4.61976681538703 4.52339999812548 -4.61976681538703 3.75246546003308 9.23953363077407 4.52339999812548 9.23953363077407 -28.6997903044398
12.3003453359546 -0.339678152552354 1.24482052376539 -0.339678152552354 7.45293828835459 0.697339266122185 1.24482052376539 0.697339266122185 7.70469974259927
11.1554301511752 2.11999129328263 3.35881749670886 2.11999129328263 7.029339651054 -0.801240818667611 3.35881749670886 -0.801240818667611 12.9317470783461
14.2365108055031 2.69744415262163 2.08202726446796 2.69744415262163 12.0845498037449 1.51256683224783 2.08202726446796 1.51256683224783 9.43705832061628
14.2165297377059 2.83531352042229 -4.1121037526632 2.83531352042229 10.4680814189517 -3.91828739503039 -4.1121037526632 -3.91828739503039 -1.30276562037726
3.78841045434861 0.377642181367029 -0.555473684762085 0.377642181367029 3.36880803060746 0.391628928825067 -0.555473684762085 0.391628928825067 14.6281397343281
16.9399492784639 -8.71374366635773 -3.12503900348166 -8.71374366635773 15.0157724495938 1.70838129666037 -3.12503900348166 1.70838129666037 27.2681632228351
6.05226543577106 1.90019954751346 -1.44263309495764 1.90019954751346 12.2044362105281 0.403617569503385 -1.44263309495764 0.403617569503385 8.05237032227051
15.4833294360482 1.46461226953456 -0.0379640288146748 1.46461226953456 24.95235746514 5.19507762727129 -0.0379640288146748 5.19507762727129 23.4178114583152