12.2088939029101 -1.67807350239999 -0.215603871051392 -1.67807350239999 13.5700556912346 -1.48584836435417 -0.215603871051392 -1.48584836435417 13.8921626793114
11.3553638825208 0.688050562719013 -2.47394650859998 0.688050562719013 3.40736804405335 3.72103815352819 -2.47394650859998 3.72103815352819 8.14277485806067
18.9492102008816 2.29076031673731 5.58261098370987 2.29076031673731 5.40639865165315 0.704849328226863 5.58261098370987 0.704849328226863 -2.7274604440083
-2.5426763241938 0.854844380244716 -5.0173536635954 0.854844380244716 -11.9216791551742 3.46066261888841 -5.0173536635954 3.46066261888841 1.35026555515927
0.469995635365816 -0.0309887232109329 -0.446754092957616 -0.0309887232109329 -9.68139360981563 0.854772281901567 -0.446754092957616 0.854772281901567 14.4510745906984
-1.93476506252747 -0.388339940865729 0.351355184592803 -0.388339940865729 0.473867189746872 -1.8561724554475 0.351355184592803 -1.8561724554475 -1.70592188308874
-1.22615612464198 -4.77025122463457 3.9976048995177 -4.77025122463457 2.14037429193865 -0.99580194075621 3.9976048995177 -0.99580194075621 2.46191034027921
13.5139521305295 -5.25199102785327 -7.24833334234397 -5.25199102785327 19.3451590214298 4.22534718071095 -7.24833334234397 4.22534718071095 23.139348326558
21.3551860141204 -7.01859944991721 -3.19120033156682 -7.01859944991721 15.0816535925754 0.77398515504419 -3.19120033156682 0.77398515504419 20.0113436570107
13.6321035636023 -2.98710750281723 -3.02307611380299 -2.98710750281723 15.8844237277104 3.7938320634978 -3.02307611380299 3.7938320634978 26.8497117053686
20.9686604331205 -2.24540844835722 -5.55183407560852 -2.24540844835722 22.6432580891115 6.36116810974168 -5.55183407560852 6.36116810974168 22.0543524301284
28.2628591755494 -2.34137019113017 -6.35844304544075 -2.34137019113017 28.6533621560546 0.565158321996937 -6.35844304544075 0.565158321996937 20.4396180302391
13.6627984314659 -0.544408924590437 -3.56664164614856 -0.544408924590437 20.7367224952251 3.50219448373599 -3.56664164614856 3.50219448373599 19.0712721402476
29.4139081953446 -1.95382048271127 -5.5146105806818 -1.95382048271127 26.0042687047499 6.5026582352125 -5.5146105806818 6.5026582352125 24.9557608072689
21.5193548205843 -2.04281228224381 -5.31163670526194 -2.04281228224381 22.1055672481598 5.85400499005481 -5.31163670526194 5.85400499005481 22.0146312483143
24.7896906646227 -3.59082181292669 -6.88012423698167 -3.59082181292669 14.7795895897512 -0.0171317834586197 -6.88012423698167 -0.0171317834586197 19.6690005888413