-17.5256135564861 1.56543172841235 -0.331353255946169 1.56543172841235 -6.85009134888714 -1.30629648978778 -0.331353255946169 -1.30629648978778 0.0807142546535539
-45.1107721140047 0.178420983971014 4.46052459927535 0.178420983971014 -13.7023067571073 -8.51747792528292 4.46052459927535 -8.51747792528292 -6.87345600155001
-13.4877767644755 3.84454739270875 1.41462351577018 3.84454739270875 -12.2069689866835 -0.998307886504482 1.41462351577018 -0.998307886504482 -5.44184001111592
-26.9798016476169 2.63383357290544 3.10325068549585 2.63383357290544 -9.16744008117733 1.18310104847446 3.10325068549585 1.18310104847446 -5.42484753645202
-21.5528300518319 0.0233646526628709 1.69712340705762 0.0233646526628709 -12.5000891746359 -1.81182261103899 1.69712340705762 -1.81182261103899 -7.23242202882502
-28.2414928914119 3.44097611944098 3.7638331380552 3.44097611944098 -11.7991495947498 4.75576884656071 3.7638331380552 4.75576884656071 -9.40533472647202
-7.06249728218596 1.78420983971014 1.06840184449309 1.78420983971014 -7.15807995217044 0.877236504524151 1.06840184449309 0.877236504524151 -5.31439645113663
-21.3170594658702 0.760413241209797 0.690319283221185 0.760413241209797 -4.95118230519563 -2.84199138753829 0.690319283221185 -2.84199138753829 2.28761190162836
-24.5732424233412 0.197537517967908 0.135939797311249 0.197537517967908 -2.06458567166459 -0.127443559979296 0.135939797311249 -0.127443559979296 1.97962329834506
-18.7129627236266 0.779529775206691 0.416315629265699 0.779529775206691 -0.380206620604899 0.955826699844717 0.416315629265699 0.955826699844717 -1.11513114981884
-23.5345774095099 3.24131454214008 3.93375788469426 3.24131454214008 -15.4015542234979 2.09007438366045 3.93375788469426 2.09007438366045 -11.8798638494033
-33.4178254859043 0.860244029860245 3.10112662616286 0.860244029860245 -1.42736787176811 -2.27486754563043 3.10112662616286 -2.27486754563043 0.424811866597652
-31.5104202048808 1.63977380506694 1.85217973836576 1.63977380506694 -1.54419113508247 1.76934142437922 1.85217973836576 1.76934142437922 -4.02084431734678
-17.3068354451883 0.418439688598687 2.48302536026328 0.418439688598687 -15.9665540060728 -3.68949106140061 2.48302536026328 -3.68949106140061 -10.9240371495586
-25.8582983197991 -0.737048588546926 1.32966114245065 -0.737048588546926 -0.681823045889232 -0.0743420766545891 1.32966114245065 -0.0743420766545891 0.354717908609039
-19.1250302342263 2.98430336284851 2.98855148151448 2.98430336284851 -10.9898829888813 -1.25531906579606 2.98855148151448 -1.25531906579606 -3.11387098216079
-29.8260411538211 2.67419070023222 2.5148862502581 2.67419070023222 -9.13770325051549 4.5051298452681 2.5148862502581 4.5051298452681 -7.34712123280639
-19.6942781354672 -0.233646526628709 0.463044934591441 -0.233646526628709 -4.02721649534574 -1.92014963702139 0.463044934591441 -1.92014963702139 1.03441689516528
-7.0922341128478 -0.11045108531539 1.38701074444133 -0.11045108531539 -14.6687537536169 -2.09219844299344 1.38701074444133 -2.09219844299344 -9.83014659306967
-27.2283165895765 1.67375875439475 1.4656009397619 1.67375875439475 -7.17932054550032 1.34452955778157 1.4656009397619 1.34452955778157 -3.17546870281745
-31.5890104002014 2.57223585224878 3.76595719738819 2.57223585224878 -10.0510487637004 -1.21071381980331 3.76595719738819 -1.21071381980331 -7.06462134151895
-27.5405533115258 0.526766714581088 0.936710165847823 0.526766714581088 2.57011179291579 1.51870242308661 0.936710165847823 1.51870242308661 -0.652086215227396
-13.1712919238602 0.511898299250171 1.40400321910524 0.511898299250171 -8.05868110935746 -1.00255600517046 1.40400321910524 -1.00255600517046 -3.11599504149378
-34.4862273303974 1.78208578037715 3.71922789206244 1.78208578037715 -5.52680238443545 -2.1176871549893 3.71922789206244 -2.1176871549893 -3.07138979550102
-43.1099082223297 0.43968028192857 4.14191569932711 0.43968028192857 -14.4393553456542 -7.7082113194144 4.14191569932711 -7.7082113194144 -7.91849319338023
-17.8123615664395 1.74597677171635 3.55567532342235 1.74597677171635 -17.553226327815 -1.72473617838647 3.55567532342235 -1.72473617838647 -8.43251555196339
-36.6209069600506 1.04291313249724 4.25449084397549 1.04291313249724 -15.2911031381825 -3.8169346213799 4.25449084397549 -3.8169346213799 -5.21244160315319
-34.8579377136703 0.737048588546926 3.40699117011317 0.737048588546926 -15.6670616401214 -5.80080603839094 3.40699117011317 -5.80080603839094 -9.94059767838506
-33.5219043932207 0.28037583195445 2.94819435418771 0.28037583195445 -11.767288704755 -2.93544999818978 2.94819435418771 -2.93544999818978 -4.71328765990095
-31.8885027661528 1.80332637370703 3.17334464348446 1.80332637370703 -7.55527904743924 3.31990473746065 3.17334464348446 3.31990473746065 -7.04975292618804
-20.6968341406376 3.15847622815354 5.19757318782227 3.15847622815354 -14.2779268363471 -0.480037409255347 5.19757318782227 -0.480037409255347 -5.8793962337115
-30.1935034184281 2.59135238624568 3.83392709604381 2.59135238624568 -12.7655965912594 3.03528078684022 3.83392709604381 3.03528078684022 -11.034488234874
-4.81524250788439 1.19796946380538 2.32796902895513 1.19796946380538 -14.4988290069779 -1.13212362448274 2.32796902895513 -1.13212362448274 -6.97965896819942
-24.9024716199544 2.25575101163353 3.81905868071289 2.25575101163353 -11.0089995228782 -3.69798729873256 3.81905868071289 -3.69798729873256 -2.21114576564078
-16.289411024687 3.46434077210385 3.2391904828071 3.46434077210385 -14.5115733629758 0.664830571225325 3.2391904828071 0.664830571225325 -8.88069207122392
-27.506568362198 4.04208491067666 2.73791248022187 4.04208491067666 -12.8569311425779 0.501278002585229 2.73791248022187 0.501278002585229 -10.3377967736539
-17.4618917764965 1.1767288704755 0.792274131204621 1.1767288704755 -5.37599417179329 -4.86197181321013 0.792274131204621 -4.86197181321013 4.85559963521116
-31.7801757401704 3.02466049017528 2.46390882626638 3.02466049017528 -8.14364348267699 1.28930401512387 2.46390882626638 1.28930401512387 -8.00345556669976
-15.3973061048319 2.44479229226949 2.05184131566666 2.44479229226949 -9.10371830118768 -3.64276175607487 2.05184131566666 -3.64276175607487 1.66738657639578
-30.4483905383867 1.62065727107004 2.86535604020116 1.62065727107004 -5.13172734849964 3.02466049017528 2.86535604020116 3.02466049017528 -4.86409587254311
-37.5023915832407 0.531014833247065 3.98685936801896 0.531014833247065 -12.9015363885707 -4.0165961986808 3.98685936801896 -4.0165961986808 -3.91464135069736
-27.0753843176014 0.34197355261111 2.07520596832953 0.34197355261111 -2.03484884100275 -1.53144677908454 2.07520596832953 -1.53144677908454 0.545883248577983
-22.7805363462991 3.0395289055062 3.47496106876879 3.0395289055062 -12.4937169966369 -0.220902170630779 3.47496106876879 -0.220902170630779 -9.46693244712868
-8.95291008854552 2.93969811685575 2.73578842088888 2.93969811685575 -11.7991495947498 0.569247901240854 2.73578842088888 0.569247901240854 -8.94228979188058
-18.2095606617084 4.7578929058937 2.82712297220737 4.7578929058937 -14.3820057436635 -0.250639001292615 2.82712297220737 -0.250639001292615 -9.63685719376774
-30.8859467609823 1.60791291507211 3.97623907135402 1.60791291507211 -17.4279068271687 -2.74428465822083 3.97623907135402 -2.74428465822083 -7.37685806346823
-22.803900998962 3.58753621341717 4.93418983053173 3.58753621341717 -14.469092176316 2.64445386957038 4.93418983053173 2.64445386957038 -9.07822958919182
-29.9832215444623 0.157180390641131 2.19202923164388 0.157180390641131 -1.46984905842788 2.65082604756935 2.19202923164388 2.65082604756935 -2.52338248759005
-16.278790728022 1.76721736504623 1.30842054912077 1.76721736504623 -9.98095480571183 -1.18310104847446 1.30842054912077 -1.18310104847446 -3.07138979550102
-29.7878080858274 0.548007307910971 1.72261211905348 0.548007307910971 -2.50001783492718 2.1346796296532 1.72261211905348 2.1346796296532 -1.5739279657443